No	GenomicLocus	uniqID	rsID	chr	pos	p	nSNPs	nGWASSNPs
1	1	1:223112472:C:T	rs75787943	1	223112472	2.704e-06	18	18
2	1	1:223114344:G:T	rs74795221	1	223114344	2.782e-06	18	18
3	1	1:223114972:A:G	rs75505205	1	223114972	2.778e-06	18	18
4	1	1:223116240:A:G	rs61746477	1	223116240	2.059e-06	18	18
5	1	1:223118821:C:T	rs79424479	1	223118821	1.706e-06	18	18
6	1	1:223119514:C:G	rs139247870	1	223119514	6.412e-06	18	18
7	1	1:223120200:C:T	rs79038521	1	223120200	3.861e-06	18	18
8	1	1:223121186:C:G	rs115054736	1	223121186	1.417e-06	18	18
9	1	1:223121189:C:T	rs115507625	1	223121189	1.417e-06	18	18
10	1	1:223121194:A:C	rs114583513	1	223121194	1.417e-06	18	18
11	1	1:223121195:C:T	rs80290720	1	223121195	8.341e-07	18	18
12	1	1:223121611:C:T	rs79918695	1	223121611	6.825e-07	18	18
13	1	1:223123933:C:T	rs115520148	1	223123933	2.885e-06	18	18
14	1	1:223124022:C:T	rs76062517	1	223124022	1.012e-06	18	18
15	2	2:29450684:A:G	rs35787487	2	29450684	7.956e-06	1	1
16	3	2:172950073:A:T	rs3098974	2	172950073	9.6e-06	10	10
17	3	2:172955433:C:T	rs62183854	2	172955433	9.208e-06	11	11
18	3	2:172957643:G:T	rs13390848	2	172957643	9.617e-06	10	10
19	4	3:65170001:A:G	rs1842804	3	65170001	7.301e-06	25	24
20	5	3:139019777:C:T	rs62270786	3	139019777	6.732e-06	1	1
21	6	5:4876636:C:T	rs72737735	5	4876636	3.228e-06	1	1
22	7	6:115208421:A:T	rs77941126	6	115208421	2.161e-06	2	2
23	8	8:4907169:C:T	rs28702733	8	4907169	9.129e-06	40	34
24	9	9:114982937:C:T	rs41280169	9	114982937	5.998e-07	3	3
25	10	10:100305955:C:G	rs80241051	10	100305955	7.172e-06	131	120
26	11	10:130552334:G:T	rs1536452	10	130552334	9.876e-06	12	11
27	12	12:34201291:A:G	rs12423254	12	34201291	5.726e-06	8	8
28	12	12:34232845:G:T	rs1912779	12	34232845	1.321e-06	17	17
29	12	12:34258645:C:T	rs117445376	12	34258645	3.73e-06	19	18
30	13	12:62268292:A:G	rs11612244	12	62268292	9.77e-06	2	2
31	13	12:62271533:G:T	rs10877757	12	62271533	6.98e-06	2	2
32	14	13:59769695:G:T	rs4884321	13	59769695	5.113e-06	7	7
33	14	13:59772342:C:T	rs4886127	13	59772342	6.429e-06	7	7
34	15	15:97394826:A:G	rs6496190	15	97394826	7.3e-06	1	1
35	15	15:97404193:C:T	rs7176899	15	97404193	8.493e-06	5	5
