domain	gene_name	logFC	adj.P.Val	t	B	P.Value	AveExpr
ARC_yi_2stage	RDH10	-1.73274768969078	0.0204131466277264	-5.59823661685813	2.10819469142434	5.59264291170587e-05	11.241350262816
ARC_yi_2stage	CYP26A1	-1.91538411046708	0.0642316801507508	-4.62568777235237	0.374269289071066	0.000351954411784936	8.33897173196683
ARC_yi_2stage	CRH	1.51759753764336	0.0793593711642178	4.3044933966629	-0.180968631746405	0.000661951214986219	8.94639662732437
ARC_yi_2stage	LYPD6B	1.74153434180018	0.0793593711642178	4.16722131958734	-0.475047336913184	0.000869691738785949	7.66172945331901
ARC_yi_2stage	TAC3	1.29528836084987	0.0800071670411031	3.99664924964091	-0.760111638775171	0.0012234204274491	9.89499897746615
ARC_yi_2stage	DCC	0.659356802858255	0.0800071670411031	3.96063073315005	-0.878317656366972	0.00131518630752498	10.8997221237542
ARC_yi_2stage	ADAMTS12	-1.01476442485286	0.110916221628733	-3.59754255013167	-1.46235557994006	0.00273727450459649	6.47591609242321
ARC_yi_2stage	GLRA2	0.680983960298015	0.110916221628733	3.67940549303391	-1.50676225575207	0.00231917447606203	12.2961226274281
ARC_yi_2stage	TGFB2	-0.696759171060387	0.110916221628733	-3.58838930220926	-1.60828066778105	0.00278851072613311	10.8647227355636
ARC_yi_2stage	SST	0.734450286148995	0.110916221628733	3.49896842700791	-1.80777393810816	0.00334268065182483	11.6409837516289
ARC_yi_2stage	PCLO	0.465022039997606	0.110916221628733	3.5221349053652	-1.82759513160675	0.00318928976672018	12.5855964149644
ARC_yi_2stage	AGRP	-1.20526155077896	0.114192362275701	-3.3209032723041	-1.96474928057071	0.00479680820281857	8.79186618911623
ARC_yi_2stage	CHODL	0.565519293322708	0.114192362275701	3.33556833470901	-2.02909832226998	0.0046562373770453	10.2852788434408
ARC_yi_2stage	BTBD11	0.490505301274583	0.114192362275701	3.34193461428683	-2.05925740443433	0.00459650034867052	10.7790418696914
ARC_yi_2stage	TRH	1.14243484559568	0.114192362275701	3.2998844268038	-2.06985346417991	0.00500569259290745	10.1721148188363
ARC_yi_2stage	MYT1L	0.440246013191421	0.114192362275701	3.31787320496045	-2.23476633180164	0.00482637609537239	12.7856236124849
ARC_yi_2stage	HRH3	0.732447087323662	0.129703835896762	3.17891296180419	-2.34039485570549	0.00639635355107318	10.5655278162514
ARC_yi_2stage	FGFR2	-0.483694906250889	0.125233581774831	-3.22444610026702	-2.34857844017343	0.0058327969593757	11.6225954002787
ARC_yi_2stage	KCNH5	0.680321080799294	0.148484476744361	3.05371014409971	-2.4936283372405	0.00823940227426676	9.6163752693254
ARC_yi_2stage	RXRG	0.51872076440503	0.137999068298607	3.12156551695442	-2.53173901413981	0.00718351314431105	11.5260907536471
ARC_yi_2stage	PHLDB2	-0.54075969354812	0.148484476744361	-3.03578980168741	-2.54957944128365	0.00854294249762078	9.60109741310437
ARC_yi_2stage	CDH12	0.759884226826179	0.163654663513691	2.9644631946341	-2.62070899758406	0.0098641167049348	9.32805592523823
ARC_yi_2stage	ALKAL2	-1.06913205432602	0.164369901660653	-2.94021168747484	-2.62584148669322	0.0103575554471096	8.11572491513204
ARC_yi_2stage	CXCR4	1.22232318412585	0.172067997112111	2.89626919022902	-2.72810569096679	0.011314060084084	9.05808211452467
ARC_yi_2stage	HS3ST2	1.05791712410025	0.18824292665908	2.78326763119324	-2.85424273961171	0.0141880754376432	7.93437004212446
ARC_yi_2stage	CALCRL	-1.15094426415119	0.174094791824127	-2.87009727292527	-2.85525028751618	0.0119243008098717	9.38261806418854
ARC_yi_2stage	ESR1	0.593161061319869	0.186664915573458	2.81572454964813	-3.04461732107317	0.0132966789175614	10.6276503610772
ARC_yi_2stage	HRH1	-0.6010642706705	0.18824292665908	-2.73317634640092	-3.06853613630896	0.0156789499760907	9.29759469753752
ARC_yi_2stage	CAV1	-0.738481676929121	0.18824292665908	-2.70742492889493	-3.10771570069556	0.0165034894605221	9.3221982421451
ARC_yi_2stage	SSTR2	0.534813669103427	0.18824292665908	2.71991755395035	-3.11628692393787	0.016098367996273	9.73132321462479
ARC_yi_2stage	OLIG2	0.784750907153811	0.18824292665908	2.77126547852381	-3.16373867602792	0.0145322183011148	11.1650750744902
ARC_yi_2stage	CXCL14	-0.694122811279826	0.18824292665908	-2.72277860488086	-3.22762275137124	0.0160069531543261	10.598129599226
ARC_yi_2stage	ADARB1	0.35350584421936	0.189061192731445	2.68976103707015	-3.27863727800489	0.0170932037264046	10.6942267757786
ARC_yi_2stage	CEMIP	-0.538498648922552	0.200517211024233	-2.58954153188213	-3.29406420830057	0.0208445073145449	9.06493178002825
ARC_yi_2stage	PECAM1	-0.677181177153967	0.200517211024233	-2.6097425760721	-3.36455746413281	0.0200296012859822	10.1102603762946
ARC_yi_2stage	IGFBP4	-0.761497675464527	0.200517211024233	-2.58367920897525	-3.36936233213748	0.0210869006060907	9.74395485772568
ARC_yi_2stage	FCGR1A	-1.23313885731143	0.209764023572179	-2.52725508884128	-3.37588222916936	0.0235625341546832	8.44537709309048
ARC_yi_2stage	HLA-DQA1	0.711098046503479	0.222544202706917	2.48476991826822	-3.37912849348651	0.0256078260649055	8.25487529988017
ARC_yi_2stage	PDGFRA	0.599883780161074	0.200517211024233	2.62507995420588	-3.45900518802824	0.0194314671775015	11.5407300437057
ARC_yi_2stage	NES	-0.756161046074757	0.200517211024233	-2.60426970653386	-3.49375708258147	0.0202472961864461	11.2128601981026
ARC_yi_2stage	TRPC5	0.617781656329399	0.223697602515659	2.46424843911255	-3.55163787240834	0.026655448341745	9.58407841770088
ARC_yi_2stage	SOX11	0.334542706721162	0.200517211024233	2.56517911998735	-3.56780868292621	0.0218697238978847	11.4245346226602
ARC_yi_2stage	CNTN2	0.351214765835474	0.200517211024233	2.56275165648387	-3.57153493134968	0.0219744888793679	11.5081320056007
ARC_yi_2stage	GPR183	1.12905761572521	0.223697602515659	2.34428813288381	-3.60098590438016	0.0336427031872365	8.01253107072833
ARC_yi_2stage	ZBBX	-0.864122604479803	0.223697602515659	-2.36536932492129	-3.70629699047551	0.0323007463588928	9.09979914560635
ARC_yi_2stage	FABP6	0.456536576900104	0.223697602515659	2.45368366129587	-3.71686884230684	0.0272105853824365	10.9777771375824
ARC_yi_2stage	FBLN1	-0.538458112531799	0.223697602515659	-2.37876502538259	-3.78434746747351	0.0314744863739972	10.0352530163905
ARC_yi_2stage	LYPD6	0.561861569251249	0.223697602515659	2.29805348114793	-3.84741183888928	0.0367722086327111	9.67925673634527
ARC_yi_2stage	GABRA5	0.510900070728397	0.223697602515659	2.38836926827163	-3.84804398507715	0.0308944431048234	11.1694735390634
ARC_yi_2stage	CRYM	-1.84289254310663	0.223697602515659	-2.37243254556757	-3.88619767884392	0.0318625562055481	10.9485654671144
ARC_yi_2stage	NPNT	-0.45516355765243	0.229798973174865	-2.27538479428609	-3.8946167896604	0.0384047599004569	9.56483768347507
ARC_yi_2stage	RNF152	0.372646809984113	0.223697602515659	2.33281583082263	-3.90396590431732	0.0343949330843622	10.6370348598297
ARC_yi_2stage	SNTB2	-0.445905936700084	0.223697602515659	-2.30648194673377	-3.90649575600027	0.0361820137406643	10.1248523364494
ARC_yi_2stage	LAMA2	-0.758504373796031	0.234645031414038	-2.23931467984176	-3.91001240328906	0.0411432383849272	9.16781601616334
ARC_yi_2stage	DCN	-0.66905538115822	0.223697602515659	-2.3881384769708	-3.93143043051825	0.0309082621271095	11.7980367518032
ARC_yi_2stage	PCDH7	0.312437423888504	0.223697602515659	2.4158607192485	-3.95563773903192	0.0292895941809131	12.9841694843357
ARC_yi_2stage	RORB	0.43717818045698	0.223697602515659	2.3280176206909	-3.96416821583887	0.0347142284061182	11.1847771255533
ARC_yi_2stage	FCGR3A	-0.626762543599481	0.248464208640917	-2.17605587510966	-3.96875759732192	0.0463910639844214	8.92963493898486
ARC_yi_2stage	PROKR1	0.556149768957068	0.242448805921305	2.21396648150479	-3.99770788226818	0.0431758147531092	9.65046757703931
ARC_yi_2stage	SYNPR	0.548242934326787	0.234321461172925	2.24829921451226	-3.99800218335018	0.0404445261750528	10.3098016736375
ARC_yi_2stage	IL18R1	-0.855462491437479	0.289104153054782	-2.02364571688338	-4.00299610956124	0.0616855398773602	6.15788089686452
ARC_yi_2stage	NRP1	-0.309438610641623	0.223697602515659	-2.30155880034142	-4.02669082549655	0.0365256610241262	11.2516361288066
ARC_yi_2stage	CTSH	-0.435041544038302	0.231529520071755	-2.26295835668845	-4.02814502798084	0.0393283020395858	10.6281807599457
ARC_yi_2stage	RAB3B	0.515928362299576	0.223697602515659	2.320704492319	-4.02888240814824	0.0352062562001104	12.0082069887163
ARC_yi_2stage	FGFR3	0.444389376157604	0.223697602515659	2.32398639018181	-4.05461063466957	0.0349846427248615	12.2098894242037
ARC_yi_2stage	OLIG1	0.480194359243459	0.223697602515659	2.33819842733218	-4.07694836827053	0.0340400460945236	12.7839652012672
ARC_yi_2stage	SDK1	-0.434999945649804	0.289104153054782	-1.99325222549713	-4.17923681585174	0.0652408490595251	8.02550915280564
ARC_yi_2stage	TENM1	0.415575417918964	0.247180350930632	2.18778987160912	-4.18570227266901	0.0453728315406914	11.0260656569384
ARC_yi_2stage	ANK1	0.535094528561759	0.289104153054782	1.99236941413117	-4.20201714111696	0.0653468529633754	8.60708615227443
ARC_yi_2stage	HTR2A	0.407865180724436	0.274232732500639	2.10178257088244	-4.20294186625145	0.0533439013905353	9.77237740363283
ARC_yi_2stage	GPR34	-0.966623062491557	0.286975967303564	-2.05521041137169	-4.2050273689694	0.0581814289875718	9.01244104955485
ARC_yi_2stage	GSX1	0.581139736388053	0.289104153054782	1.99718194830616	-4.2168699714937	0.0647708833211992	8.91713414928685
ARC_yi_2stage	SLC24A3	0.407087654762295	0.247180350930632	2.19303852508088	-4.23774177227852	0.0449241354368743	11.7851450648066
ARC_yi_2stage	CDH13	0.51040553529673	0.248464208640917	2.16949118833284	-4.24400885192582	0.0469699462910227	11.3582361284042
ARC_yi_2stage	ADAMTS3	-0.66643142475718	0.312081029489474	-1.88848835367413	-4.25177008266371	0.0789682185260613	6.93455389083475
ARC_yi_2stage	SLC10A4	0.367683798323236	0.279245782336181	2.0772003110109	-4.25369018997594	0.0558491564672362	9.95743913963843
ARC_yi_2stage	PEG10	0.413153762886701	0.223697602515659	2.34131595714906	-4.28076898312422	0.0338360826727439	15.429672388612
ARC_yi_2stage	SNCG	0.507212516801499	0.275297225453	2.09222673450034	-4.32744055860747	0.0543052061167561	10.7757126097336
ARC_yi_2stage	SOX10	0.399587389622756	0.274232732500639	2.10647577656271	-4.32908007157137	0.0528775376556572	11.0846728527939
ARC_yi_2stage	KLRB1	0.897196820238253	0.326180966714395	1.84240835788733	-4.33926302369317	0.0857900624783068	7.63832977367482
ARC_yi_2stage	MEIS2	-0.502309000828213	0.303021979271691	-1.94308400913016	-4.46649338719242	0.0715191294085203	9.67015237388226
ARC_yi_2stage	PCDH19	0.348956178274495	0.287057802208855	2.04626317982724	-4.47418515874447	0.0591557028274873	11.5939894082557
ARC_yi_2stage	RBFOX1	0.389809304501146	0.292452745751328	1.97629832273588	-4.4755176269177	0.0673041935427713	10.5487242472066
ARC_yi_2stage	C2orf80	0.335327260599996	0.287057802208855	2.04068246783625	-4.48777133692429	0.0597709396380081	11.6265666459793
ARC_yi_2stage	DDN	0.363497389726707	0.312081029489474	1.87872541468975	-4.53963133415511	0.0803715528000289	9.82774853265437
ARC_yi_2stage	CSPG4	0.457132776088262	0.344718610351739	1.79411660905286	-4.54708691032936	0.0934990203419784	8.98697326218005
ARC_yi_2stage	FLT1	-0.340544209903886	0.292678048570546	-1.96942149056189	-4.54925020479491	0.068157901721908	10.8874450629112
ARC_yi_2stage	GAD2	0.492830213079404	0.289104153054782	1.99351617529782	-4.55857482907012	0.0652091856050986	11.6587930723077
ARC_yi_2stage	THSD7B	0.403900940729988	0.352521435192227	1.75867120812286	-4.57246435398163	0.0995418357632799	8.77476903782196
ARC_yi_2stage	SULF1	-0.354467881251574	0.308605197060417	-1.9151383202019	-4.59693459606649	0.0752489384613072	10.5995143370339
ARC_yi_2stage	THSD4	-0.535016541819118	0.312081029489474	-1.88228689810473	-4.62758027745513	0.0798570496966178	10.2729923991183
ARC_yi_2stage	SLC17A6	0.47615899562104	0.303021979271691	1.93699365435042	-4.64025065500928	0.0723174459454804	11.5202683261348
ARC_yi_2stage	MGST1	-0.372117962795357	0.289104153054782	-1.98998709016285	-4.64226665325651	0.0656336943308243	12.4881969919783
ARC_yi_2stage	PLD5	-0.390034395463946	0.303021979271691	-1.93140293022635	-4.64661296588308	0.0730573539065994	11.2227119756923
ARC_yi_2stage	ANGPT1	-0.456741478544648	0.346738270412783	-1.77394599547603	-4.6583776956229	0.0968967221427503	9.1733097624887
ARC_yi_2stage	PLCE1	0.321283088782835	0.346446772995803	1.78562158432092	-4.68974803757135	0.0949169241084391	9.69609589109972
ARC_yi_2stage	VSNL1	0.577526670561602	0.289104153054782	1.98909423694116	-4.69601296888864	0.0657414923384847	13.2726266479561
ARC_yi_2stage	PTCHD4	0.438918792817688	0.399658723144954	1.63815401424691	-4.69851576009135	0.122728295477533	8.4497195355406
ARC_yi_2stage	MOBP	0.615072170783829	0.312081029489474	1.89722201153998	-4.71282584173987	0.0777315253143532	11.56876008486
ARC_yi_2stage	ATP2C2	0.33367461834567	0.35361801687579	1.74632703866233	-4.71422857319337	0.101725730882077	9.61378327709271
ARC_yi_2stage	KLK6	0.663940457721916	0.479912472759488	1.45918101194743	-4.71908526159608	0.16566841525396	5.81430202957893
ARC_yi_2stage	RELN	-0.393006874824398	0.331114784115719	-1.82821476491406	-4.75589202282024	0.0879948878334926	10.7885588297374
ARC_yi_2stage	CD14	-0.491155416843876	0.421306504251189	-1.59214500350079	-4.79555367732394	0.132740405449005	8.57475596489455
ARC_yi_2stage	LINC01615	0.587032073338444	0.483452004330326	1.43001370910531	-4.81891324785187	0.17373820283283	6.73252586754984
ARC_yi_2stage	ITGAX	0.386945376462016	0.369929800833639	1.70159635107716	-4.82242954202745	0.109995780061679	9.94873135012351
ARC_yi_2stage	MEPE	0.711779822737228	0.497863164220135	1.35362294127295	-4.83848488180719	0.196417248349862	5.85612501548521
ARC_yi_2stage	CAMK2A	0.351856837779645	0.312081029489474	1.88184654132598	-4.8452903017439	0.0799205045087241	12.9524329004485
ARC_yi_2stage	MYO5B	-0.398481812804127	0.45166844470493	-1.52542844398109	-4.85248147536443	0.148493735245456	8.13071415100231
ARC_yi_2stage	TAC1	-0.493376310885298	0.34427939945391	-1.80055658531745	-4.86023019602511	0.0924366606752964	11.2757717599197
ARC_yi_2stage	NPY2R	-0.476749673913432	0.369929800833639	-1.69911026366417	-4.86985549049595	0.110472187098265	9.88919722397387
ARC_yi_2stage	FILIP1	-0.414936824067873	0.425701623593692	-1.58089890869368	-4.89865321644464	0.13529147489553	8.96830141879436
ARC_yi_2stage	ADRA1A	0.254358781875929	0.377621390732262	1.67810889144182	-4.90209406525911	0.114568944189585	10.1754151187505
ARC_yi_2stage	VCAN	0.316356878543207	0.362849094306566	1.72326937611128	-4.90574046433118	0.105918033621429	10.8124753739292
ARC_yi_2stage	GAL	0.522456794912815	0.346738270412783	1.77535613254976	-4.93536345275087	0.0966556875082463	12.1627161162353
ARC_yi_2stage	SFRP2	-0.558252633691673	0.483452004330326	-1.44068480049768	-4.93636114080417	0.170748891160924	7.86536860298659
ARC_yi_2stage	CD163	-0.654653806509357	0.497668421969021	-1.35825441447704	-4.94224208343922	0.194976943401562	7.31491533827335
ARC_yi_2stage	NOTCH1	-0.373363446620807	0.352521435192227	-1.75354060583966	-4.95214911518074	0.100444463726004	11.5834980588528
ARC_yi_2stage	LRRK1	-0.42262794934178	0.495184981624742	-1.37751292227494	-4.95706865754641	0.189079477419536	7.51711082947643
ARC_yi_2stage	GDF10	0.355703193669296	0.483452004330326	1.44755813019582	-4.96784833949171	0.168846079556521	8.55684598828267
ARC_yi_2stage	C1QL3	-0.48710162115264	0.435862316739009	-1.5517329160315	-4.98687368893071	0.142103056690252	9.39023070051802
ARC_yi_2stage	SLC17A7	0.620967439880702	0.565739416936021	1.190805201877	-5.0219727199718	0.252708017876091	6.17786539590351
ARC_yi_2stage	NR4A2	0.896407441964495	0.490750505210302	1.39382213293941	-5.04859685826156	0.184199504695374	8.57836978943483
ARC_yi_2stage	VWC2L	0.317616029212902	0.433947239004857	1.55937884297215	-5.05322249634818	0.140289792335817	10.0082400441247
ARC_yi_2stage	ERBB3	0.35338423516162	0.461015571772508	1.50811989177863	-5.06073614796935	0.152829819683489	9.67761683675937
ARC_yi_2stage	RIT2	0.236745985316452	0.399658723144954	1.6334085783424	-5.06630394284078	0.123729960864054	11.0553311078876
ARC_yi_2stage	ZCCHC12	0.2479874758127	0.314958684376854	1.86775199738561	-5.07512132021178	0.0819755479884963	15.2635846157565
ARC_yi_2stage	TPH2	-0.302253985686532	0.564845181247313	-1.20839425627327	-5.09173722198983	0.246080778985077	6.94166910816289
ARC_yi_2stage	WIF1	-0.689860507888023	0.362849094306566	-1.72083448702897	-5.09532273759576	0.106369460522747	12.4965988631009
ARC_yi_2stage	MC4R	0.354483919453543	0.53664446244218	1.30161548279446	-5.11232686875975	0.21318752617566	8.19101175825159
ARC_yi_2stage	MYO16	-0.288227269482713	0.433947239004857	-1.55967178106921	-5.14269432608877	0.140220713506624	10.7208746237021
ARC_yi_2stage	TRPC6	-0.391422945566243	0.465986688606288	-1.49667722311363	-5.17434187479806	0.155754454821828	9.97334798077378
ARC_yi_2stage	TACR1	0.640023988811537	0.564845181247313	1.20886614533688	-5.18326391930083	0.245904850272305	7.90852066121096
ARC_yi_2stage	IDO1	0.500732293714895	0.610689157966277	1.0641858333494	-5.21029110971512	0.304508018492774	6.81938620007661
ARC_yi_2stage	GABRQ	0.29182337622813	0.377621390732262	1.67675116846	-5.21351331359794	0.114838285948715	13.4072412791876
ARC_yi_2stage	SLC6A3	0.443218875056264	0.635592788096229	1.00854270766792	-5.22012258288086	0.329597336108956	6.50237490887284
ARC_yi_2stage	TRAC	-0.288195972573749	0.604013742494717	-1.08172733671164	-5.22519132820517	0.296896106888075	6.96939663902062
ARC_yi_2stage	RASGRP1	0.292931634419665	0.497668421969021	1.35882917929435	-5.24299316812481	0.194798800208257	9.60530899148311
ARC_yi_2stage	PSEN2	0.256331818752209	0.490750505210302	1.39571961158768	-5.24691257466343	0.183638495307076	9.89058653461369
ARC_yi_2stage	OXT	0.77402912652493	0.564845181247313	1.24161291598045	-5.24933212451263	0.233932995711193	8.59497484844373
ARC_yi_2stage	OXTR	0.385959517810724	0.483452004330326	1.42612782985256	-5.25381818787175	0.174837437182474	10.3138872690509
ARC_yi_2stage	IL7R	0.340817936300056	0.652302621602061	0.968616554483956	-5.25417718011921	0.348490441677813	6.28172653034505
ARC_yi_2stage	ELOVL2	-0.372319808324992	0.489622866755247	-1.41304900313052	-5.26069932897294	0.178579354801323	10.0408237423616
ARC_yi_2stage	MAG	0.585583203110454	0.548773122803695	1.26973684799727	-5.26348322345001	0.224019713144522	9.00976969806723
ARC_yi_2stage	ANXA1	-0.924929572385377	0.483452004330326	-1.43674277466253	-5.27204748227129	0.171848185850054	10.5468654184231
ARC_yi_2stage	ADRA1B	0.367268262027256	0.621064076235708	1.0334493127704	-5.29036101400172	0.318188992482404	7.31277640615359
ARC_yi_2stage	CD86	0.250911065344758	0.604013742494717	1.08059383289207	-5.2909268964069	0.29738369124694	7.83985520913361
ARC_yi_2stage	DDR2	-0.371729198614819	0.495184981624742	-1.37469256012236	-5.29624739571295	0.189933965554695	10.1186442820564
ARC_yi_2stage	TGFBI	-0.32108531336393	0.591194522664111	-1.13438889737019	-5.30050170085082	0.274891568508955	8.20970518970161
ARC_yi_2stage	PSENEN	-0.251439596993313	0.483452004330326	-1.43360886989479	-5.3022952119194	0.172726292596749	10.6512908785518
ARC_yi_2stage	TMEM233	-0.369208198737015	0.652098370677926	-0.978742402155518	-5.31228480700993	0.343628177404853	7.02638823434585
ARC_yi_2stage	GAD1	0.251380343146986	0.41381595191721	1.60785080400807	-5.33365859283039	0.129246626078252	13.7721756304538
ARC_yi_2stage	P2RY13	-0.528605604921957	0.565882063566643	-1.17866956628993	-5.33660600199287	0.257360061786473	8.71960768443904
ARC_yi_2stage	AIF1	-0.469943979284469	0.540079665510674	-1.28519140087565	-5.33847660204844	0.21871511851256	9.731751590523
ARC_yi_2stage	CD48	0.459262910972536	0.604013742494717	1.09535588516698	-5.34073035115552	0.29107991324526	8.39846236261487
ARC_yi_2stage	VIP	-0.416089873473132	0.610689157966277	-1.06668522889943	-5.35378752687576	0.303414764651264	8.18030196674912
ARC_yi_2stage	SNCA	0.203613937311143	0.471552327945977	1.4845440624205	-5.35903304977513	0.158906674896864	12.0422845595979
ARC_yi_2stage	MS4A6A	-0.340585895095947	0.591194522664111	-1.1332579537033	-5.36165954721712	0.275350873569586	8.65168268881029
ARC_yi_2stage	TSHZ2	-0.214716198081124	0.479912472759488	-1.4616947153743	-5.36515914813932	0.164987750629087	11.6972909386799
ARC_yi_2stage	PWP2	0.201022008674213	0.497668421969021	1.3587911945318	-5.37096994503362	0.194810569172331	10.4636645267348
ARC_yi_2stage	CTSS	-0.251495514489374	0.565739416936021	-1.19099258090025	-5.39711472257633	0.25263669910874	9.45097866915824
ARC_yi_2stage	CRHBP	0.381456865022871	0.621064076235708	1.0440292515323	-5.40473593851514	0.313430334758644	8.55638220383873
ARC_yi_2stage	ADAMTS16	-0.301227711356388	0.757361036002197	-0.63858681496745	-5.40887959397859	0.532969792914521	5.1791491301132
ARC_yi_2stage	ACVR1C	-0.262641668451435	0.489622866755247	-1.40803138997007	-5.42895099318445	0.1800322859784	11.5995081887255
ARC_yi_2stage	THEMIS	0.384921617250825	0.703276272822486	0.854617383498256	-5.43078553543176	0.40655148922067	7.24706220899106
ARC_yi_2stage	PVALB	0.290514968983643	0.789060508547124	0.550674262686229	-5.43231872203933	0.590174024201	4.62573020085041
ARC_yi_2stage	CD83	0.226652516535312	0.540079665510674	1.28630981596712	-5.43303078992784	0.218335134232861	10.3142140522308
ARC_yi_2stage	BRINP3	0.215233066421378	0.489622866755247	1.40438789578732	-5.43977815163012	0.181093389073858	11.7441368773381
ARC_yi_2stage	THBS1	0.618376603669383	0.565739416936021	1.19369199569346	-5.44817866449342	0.251610987822775	9.91664778916413
ARC_yi_2stage	CCNB2	-0.245020038203966	0.735869768887281	-0.69203701114923	-5.45270198290758	0.499759492114985	6.01763824693037
ARC_yi_2stage	CCK	-0.450832725666086	0.604013742494717	-1.08667721764531	-5.45403378942314	0.294773805564379	8.94257960111396
ARC_yi_2stage	CAPN3	0.393271116274915	0.663965121774187	0.933680674037614	-5.46188807223565	0.365635587607155	7.99777312233623
ARC_yi_2stage	RYR3	0.273070831411964	0.591194522664111	1.14467519924896	-5.48206871597057	0.270740556546002	9.5961127894996
ARC_yi_2stage	EFHD1	0.250896623737583	0.495184981624742	1.38000848667443	-5.48477248269338	0.188326006878907	11.9796889954039
ARC_yi_2stage	CCL5	0.290320642583012	0.734798160000144	0.730719794959253	-5.49071534691255	0.476499764690201	6.76189121722134
ARC_yi_2stage	CAPG	0.425726801417271	0.564845181247313	1.21214595232622	-5.49547272854486	0.244684770613271	10.3381152470358
ARC_yi_2stage	CDK1	-0.219635671217696	0.840044094442502	-0.423491573359389	-5.50198555956179	0.678101568001625	5.08319740124647
ARC_yi_2stage	MKI67	-0.144659012411552	0.77779821007145	-0.576228275852267	-5.51181605451188	0.573226626052658	5.98124014458138
ARC_yi_2stage	TREM2	-0.385885445801214	0.734798160000144	-0.750116158569207	-5.51786836035521	0.465087404068981	6.99538426358121
ARC_yi_2stage	STXBP2	-0.238263736363482	0.663965121774187	-0.9440974516158	-5.52202568871934	0.360463468793505	8.63031991747242
ARC_yi_2stage	CCL4	-0.272241660194272	0.757361036002197	-0.63670353343885	-5.52209550423496	0.534162110186034	6.28888916899484
ARC_yi_2stage	MOG	0.520076661865719	0.564845181247313	1.20926974288482	-5.5225887461381	0.245754459181029	10.2591505601792
ARC_yi_2stage	TRHDE	0.230741102156138	0.728587600649502	0.768251830269111	-5.52525350874806	0.454570152322106	7.46666833667195
ARC_yi_2stage	HS3ST4	0.312216479884517	0.565739416936021	1.18690698498571	-5.53983489531973	0.254195244869883	10.2923893101009
ARC_yi_2stage	PTPRZ1	-0.243173422691052	0.479912472759488	-1.46226169006472	-5.54894809759386	0.164834546161718	13.673669456716
ARC_yi_2stage	BDNF	0.228741349742446	0.757361036002197	0.641269169801146	-5.54988486870791	0.531274149493927	6.77203284965382
ARC_yi_2stage	ERMN	0.45444585458195	0.540079665510674	1.28437975169343	-5.55404052961632	0.218991206837205	11.3728298182917
ARC_yi_2stage	FASLG	0.13489406906379	0.893405957655511	0.308883702599249	-5.55640001926877	0.761768452983245	5.25985068330597
ARC_yi_2stage	NKG7	-0.132219007488617	0.902611553570811	-0.279320541322896	-5.55746237678156	0.783911952005334	5.29484696823246
ARC_yi_2stage	AVP	0.769970870413576	0.757361036002197	0.634845138365714	-5.56922714666629	0.535340129557717	6.60700187431137
ARC_yi_2stage	COL12A1	0.236928393436397	0.689874316163397	0.876329094250291	-5.57366942197325	0.395023923501781	8.61742650450495
ARC_yi_2stage	GAS2L3	-0.118560766332261	0.877159202915288	-0.364159038129319	-5.57439210603267	0.720952769519415	5.65777362545466
ARC_yi_2stage	KLF4	0.445979164693433	0.728587600649502	0.776910315479996	-5.5752850887955	0.449601542709522	7.76184026971234
ARC_yi_2stage	GPNMB	0.3464450298579	0.716256636067753	0.836082417711711	-5.58006994327802	0.416566280020547	8.74580566300984
ARC_yi_2stage	ITGB2	-0.293825264161223	0.663965121774187	-0.936428799418598	-5.58055036327462	0.364266143842756	8.93063559626328
ARC_yi_2stage	CYP19A1	0.131226364314827	0.897489260934947	0.288513536850601	-5.5811261347478	0.77700440124779	5.60941678409911
ARC_yi_2stage	TOP2A	-0.0120098248551095	0.9927102959027	-0.0220324411213826	-5.5866754220149	0.982720004804995	5.12677463017098
ARC_yi_2stage	NDST4	0.195847428455614	0.734798160000144	0.744315162479286	-5.58817944345577	0.468482871086292	7.75362319236141
ARC_yi_2stage	UGT8	0.340562897345304	0.565882063566643	1.18266734198381	-5.59348505547003	0.255820360845246	10.5869404388599
ARC_yi_2stage	ROS1	0.0223941957813327	0.9927102959027	0.0347536717681076	-5.59457532093749	0.972746276987447	5.3765796793139
ARC_yi_2stage	CD52	-0.140911002387901	0.891312122696028	-0.335041577144539	-5.59509862661012	0.742353110409843	5.87878421694251
ARC_yi_2stage	MT2A	0.395629743219914	0.734798160000144	0.719538567060397	-5.59899268014168	0.483154954520643	7.92748107658326
ARC_yi_2stage	ZDHHC23	0.168870321776367	0.76490898792682	0.623174445855582	-5.59934038830637	0.542771035268621	7.07637907123491
ARC_yi_2stage	GZMA	0.144498103823357	0.858774169105588	0.391995206315898	-5.60126237987671	0.700717271350565	6.09242070547237
ARC_yi_2stage	CD3G	0.121423263022165	0.893405957655511	0.310932572570662	-5.60395275327382	0.760241507329158	5.88938085482403
ARC_yi_2stage	ITGA8	-0.237409300151461	0.734798160000144	-0.72329308449674	-5.62619598001899	0.480914020726354	7.84391158369402
ARC_yi_2stage	POU6F2	0.164064228617169	0.77854239998766	0.572159232894622	-5.63283158823688	0.575908076703201	7.2261129306444
ARC_yi_2stage	BCAN	0.184548231423362	0.554683284636438	1.25846592729986	-5.63821135202543	0.227952034782098	11.9939913669236
ARC_yi_2stage	LBHD2	0.143841620362304	0.92570550365382	0.202337569817018	-5.64193366698704	0.842441864808019	6.09938794958325
ARC_yi_2stage	CRHR2	0.186313107048636	0.735869768887281	0.692965735430956	-5.6435393358123	0.499193340225763	8.03815929881127
ARC_yi_2stage	SLC26A4	-0.039554747864047	0.964275185422318	-0.0902419831510146	-5.64860864020148	0.929319785185086	5.94604183822657
ARC_yi_2stage	PROX1	0.199965115535434	0.564845181247313	1.22555791213647	-5.65116199607391	0.239744378925857	11.7913172285836
ARC_yi_2stage	LY86	-0.27502606938095	0.77779821007145	-0.578615533997871	-5.65499942850585	0.571656503019186	7.39508165983595
ARC_yi_2stage	OTOGL	0.12154741387994	0.852295565543015	0.405230205605039	-5.66504596421873	0.691176677810225	6.76162641648806
ARC_yi_2stage	HCRT	0.470279781588598	0.716256636067753	0.833423624405564	-5.66781813600291	0.418015973142687	8.7188278733066
ARC_yi_2stage	C1orf162	-0.20588219446492	0.735869768887281	-0.685379219664237	-5.66819318956428	0.503829105047865	8.22744829126176
ARC_yi_2stage	ARHGAP24	-0.20606999303059	0.604013742494717	-1.09634336394034	-5.66927585287862	0.290661802034554	10.5073112714713
ARC_yi_2stage	CYTIP	0.217474020200181	0.773178900372157	0.591122977498904	-5.67238081088035	0.563467363010942	7.8438350289644
ARC_yi_2stage	RXFP1	-0.328739168517812	0.734798160000144	-0.72488815923238	-5.68243378880604	0.479963875587673	7.96173968246422
ARC_yi_2stage	SSTR1	0.245092955396247	0.564845181247313	1.20432113171291	-5.68470787903388	0.24760336712211	11.7424214418184
ARC_yi_2stage	LOX	-0.261231026583586	0.769105743263001	-0.615238670938422	-5.68725939653185	0.547856145885974	7.84396330192939
ARC_yi_2stage	TESPA1	0.212585234857709	0.831962293234932	0.441134974784103	-5.68841505048576	0.665569834587946	7.34619454157881
ARC_yi_2stage	LHX6	0.204183980329169	0.801856977255888	0.513782278041866	-5.6886425232731	0.615082294808686	7.50162629842573
ARC_yi_2stage	MYZAP	0.152891654052312	0.821355787980486	0.457896543848494	-5.69299868193651	0.653759264172031	7.29829634422691
ARC_yi_2stage	SORCS1	0.213767993327611	0.668029393871928	0.925558143089108	-5.69621344154834	0.369703938526382	9.5005033337722
ARC_yi_2stage	HILPDA	0.285052037778414	0.683276784691494	0.897960634155681	-5.70139660213046	0.383758194141798	9.57830221256127
ARC_yi_2stage	MYRF	0.342597290298881	0.652098370677926	0.972552501769763	-5.70234039321014	0.346594750442514	9.94279393844308
ARC_yi_2stage	GNLY	0.283604327369472	0.7880612558026	0.55502963107611	-5.70296541000664	0.587267565967965	7.86577162598447
ARC_yi_2stage	ITGAM	-0.21020038434335	0.728587600649502	-0.777827314454389	-5.70669608025959	0.449077328796466	8.88146783262999
ARC_yi_2stage	ALK	-0.239069825122375	0.604013742494717	-1.09058946878333	-5.71297135914135	0.293104360464834	10.6876731089522
ARC_yi_2stage	NXPH2	-0.0619631777116556	0.950005075836245	-0.137200047892183	-5.71303267884821	0.892744495922828	6.82344500582224
ARC_yi_2stage	NTRK3	0.151717814894409	0.564845181247313	1.2271941649734	-5.71354877041102	0.239147006488302	12.4483705574747
ARC_yi_2stage	CENPF	-0.0463776622946135	0.946072506819228	-0.155335967488876	-5.71975835264524	0.878681040580051	6.6153298252916
ARC_yi_2stage	CD2	-0.0142775808194342	0.991757764535544	-0.0451658577484478	-5.72098334815303	0.964586318931831	6.58454259009393
ARC_yi_2stage	SAMD5	-0.245996420058674	0.636890623776237	-1.00064138464642	-5.72231938145691	0.333277011345921	10.0345434059465
ARC_yi_2stage	RGS10	-0.303473657822335	0.773178900372157	-0.595318177686768	-5.73025835702734	0.560734647912726	8.17182999296477
ARC_yi_2stage	HLA-DMB	0.230636406963585	0.728587600649502	0.780736753176697	-5.73763375784221	0.44741665088488	9.10344306713735
ARC_yi_2stage	CX3CR1	-0.879985543244905	0.621064076235708	-1.03521771505828	-5.74337726818798	0.317389975750747	10.1379175197003
ARC_yi_2stage	POSTN	0.110785545313076	0.92570550365382	0.205913948117631	-5.74529087259283	0.839698341775254	7.10125589224648
ARC_yi_2stage	POMC	0.455395658702472	0.564845181247313	1.21381207233606	-5.75064677574854	0.244066779004856	12.5484101206144
ARC_yi_2stage	TLL2	0.0563580239292438	0.92338469045774	0.212252821600361	-5.76165071985197	0.834840953016587	7.08588254065211
ARC_yi_2stage	CEMIP2	-0.18744716273156	0.686585990478769	-0.883670431750205	-5.76382675918038	0.391175980320784	9.6821561717072
ARC_yi_2stage	RNF144B	-0.147091319893917	0.773178900372157	-0.593804499190742	-5.78037596057268	0.561719825927899	8.69604834362659
ARC_yi_2stage	DYDC2	-0.244719818639821	0.734798160000144	-0.739363607501092	-5.78095260192507	0.471393106054821	9.16264068480079
ARC_yi_2stage	ANKRD18A	0.241406426155532	0.728587600649502	0.786932254301551	-5.78115062005939	0.443893203748078	9.35232822814139
ARC_yi_2stage	CUX2	-0.0655912214473053	0.92338469045774	-0.220563677226655	-5.78198999597416	0.828483031612029	7.50337138500346
ARC_yi_2stage	SHISAL2B	-0.224449808598667	0.663965121774187	-0.937197158886694	-5.78359595148197	0.363883890129866	9.99099105610119
ARC_yi_2stage	NECAB2	0.175234941786064	0.592607393296801	1.12766088986517	-5.78436466071798	0.277632504804803	12.0262421986343
ARC_yi_2stage	GPER1	-0.175476138879571	0.735869768887281	-0.706742751746562	-5.78816174868698	0.490839217500727	9.04317609589245
ARC_yi_2stage	LINC02763	0.200520918600528	0.809567282774081	0.487568754233742	-5.78949342084551	0.633086356836985	8.35524272578536
ARC_yi_2stage	CD68	-0.15185743571268	0.773178900372157	-0.602454111331053	-5.79616253448329	0.556102713964933	8.81188532448465
ARC_yi_2stage	NPFFR2	0.0932702580349023	0.917190545703211	0.248432275086905	-5.79944057142696	0.807256159523346	7.72350740458363
ARC_yi_2stage	BMP8B	0.119443319729018	0.858774169105588	0.391415774062489	-5.8043900831275	0.701136170941001	8.05989254882796
ARC_yi_2stage	CTNNA3	0.138002344525926	0.837267718357551	0.431912117891336	-5.80786282499278	0.672108058845924	8.16767586344442
ARC_yi_2stage	ENOX2	0.211177623334933	0.658517377091335	0.954762959201962	-5.80825904278185	0.35522065899634	10.3312267418929
ARC_yi_2stage	CDH1	-0.00570386811262313	0.9927102959027	-0.0175955170049465	-5.82351164060278	0.98619944260371	7.47165699988891
ARC_yi_2stage	EYA4	0.0861622369373549	0.946072506819228	0.157114367947343	-5.82355443597883	0.877304178449777	7.71522230234492
ARC_yi_2stage	SPI1	-0.329186940263201	0.697740109641621	-0.864194476141798	-5.83305094038996	0.401439515136275	10.2377827495391
ARC_yi_2stage	KRT8	0.315173678905488	0.591194522664111	1.13554595981868	-5.83576563588442	0.274422254394578	12.643887384536
ARC_yi_2stage	MC3R	-0.204252412423456	0.728587600649502	-0.790596243491995	-5.84946573579658	0.441817716700626	9.77483303051623
ARC_yi_2stage	GLRA3	0.17676324270735	0.628877610157034	1.02086929868679	-5.85018966349986	0.323915043039788	11.4173698548561
ARC_yi_2stage	NWD2	-0.0554801708921033	0.911470094862728	-0.262499145811564	-5.85484204859984	0.796599891126603	8.08577207019384
ARC_yi_2stage	SLIT3	0.170660209406726	0.728587600649502	0.780837729468543	-5.87857675639744	0.447359084012346	9.86109649251508
ARC_yi_2stage	NR5A1	0.0676927741107978	0.946072506819228	0.16483189985247	-5.88203423664943	0.871333970376596	8.06186905746997
ARC_yi_2stage	NPY1R	-0.224826822599983	0.618918258191355	-1.05103709192612	-5.8835482300491	0.310306962326077	12.048255796294
ARC_yi_2stage	PLCH1	0.203832536338091	0.728587600649502	0.798601760322587	-5.88751566762897	0.437304359246859	9.86520318182418
ARC_yi_2stage	CORO1A	0.138798105529114	0.773178900372157	0.597222320794968	-5.88937112348531	0.55949665063217	9.26198538161767
ARC_yi_2stage	NNAT	-0.176958662575164	0.599276241333996	-1.11212415461376	-5.89209204138085	0.284040519865154	12.9328691909238
ARC_yi_2stage	HHATL	0.198950924340883	0.728587600649502	0.771341522987113	-5.8952806419874	0.452793239910124	10.1652032869418
ARC_yi_2stage	GABRE	0.237756433360669	0.564845181247313	1.21287897939649	-5.90587359022553	0.24441272932557	14.248410607146
ARC_yi_2stage	KRT18	0.17857400450009	0.677819754691955	0.911184537729875	-5.91097016776232	0.376979206034156	11.0583071848797
ARC_yi_2stage	STK32B	0.112883227763032	0.801856977255888	0.514054578985741	-5.91427805146477	0.614896582734118	9.27341781625449
ARC_yi_2stage	VGF	-0.214752491042567	0.652098370677926	-0.97471272562064	-5.91546994802738	0.345557399561425	11.5668830065841
ARC_yi_2stage	TMIGD3	-0.0296942713449084	0.964275185422318	-0.096673354824014	-5.9234565575461	0.924298723247633	8.5534573232133
ARC_yi_2stage	KIT	0.140380979806563	0.750567544126063	0.655525925226686	-5.92476579690786	0.522312756734301	9.85707339707369
ARC_yi_2stage	GFOD1	0.148056402067057	0.635592788096229	1.00583181431513	-5.93833823336925	0.330856519830914	12.3490083321749
ARC_yi_2stage	CYP26B1	0.138225019339233	0.801856977255888	0.514191512949612	-5.94357048856758	0.614803202654669	9.35855088714318
ARC_yi_2stage	P2RY12	-0.544673552909337	0.728587600649502	-0.773989680482709	-5.94483363433766	0.451273714238854	10.1096093160566
ARC_yi_2stage	PTPRC	0.0717017055068663	0.891869833395494	0.328013150668281	-5.9538443446997	0.74755273266611	8.92680921776845
ARC_yi_2stage	CELF2	0.284708904920631	0.599276241333996	1.11473105520945	-5.95797568604448	0.282957658117013	13.7877608991314
ARC_yi_2stage	MAL	-0.206767859784033	0.724078207836141	-0.817052593164958	-5.96398018999912	0.427014387109055	10.7561536457673
ARC_yi_2stage	LYVE1	-0.0373818516079751	0.95185771716252	-0.128247090650207	-5.96469928537845	0.899701129920738	8.8555991153293
ARC_yi_2stage	CD36	-0.149962091562976	0.801856977255888	-0.512718603846368	-5.96993156541133	0.615807992878242	9.20658814826726
ARC_yi_2stage	FRMPD2	-0.172465682961555	0.734798160000144	-0.719910136587886	-5.97811366694693	0.482932899174019	10.2298185730196
ARC_yi_2stage	ELK1	0.157329109631519	0.734541573090149	0.753932603041052	-5.98049899412575	0.462861813180094	10.5668054106807
ARC_yi_2stage	PTPRN	0.174552192231037	0.604013742494717	1.07946514652025	-5.98476308901248	0.297869790819313	13.7034494746516
ARC_yi_2stage	ADCYAP1	-0.21549580606183	0.77779821007145	-0.578281876938772	-6.00010340796837	0.571875816578048	9.8650976473815
ARC_yi_2stage	IGFBP3	0.288459445017754	0.724078207836141	0.814379216964568	-6.00368705200811	0.428495596966045	10.9993036653957
ARC_yi_2stage	ABCC9	0.0248051468830912	0.950094295765145	0.133740824301925	-6.00746012676105	0.895431336282767	9.03564309749612
ARC_yi_2stage	HS6ST2	-0.149421885929478	0.734798160000144	-0.731014163528399	-6.01010229807569	0.476325305878746	10.6023686969413
ARC_yi_2stage	KLF2	0.083978294346414	0.92570550365382	0.199594255696878	-6.01012237377859	0.844547760867732	8.78334433545641
ARC_yi_2stage	ANKRD34B	-0.132155683278876	0.735869768887281	-0.702751342148376	-6.01044224832204	0.493250960329759	10.299763545646
ARC_yi_2stage	NTNG2	0.118141262990147	0.804750642067791	0.497607624068741	-6.01110067778744	0.626162143417131	9.76013902095643
ARC_yi_2stage	LRRK2	0.0448914927897857	0.917190545703211	0.232741471605738	-6.01734981255192	0.819189364107526	9.10364253199338
ARC_yi_2stage	CNTNAP3B	0.156476369701771	0.728587600649502	0.768376519195817	-6.02527963470255	0.454498358491699	11.1095973969552
ARC_yi_2stage	PAX6	0.114475484853465	0.801856977255888	0.519263454736839	-6.02538781763586	0.611349338690841	9.81329729477112
ARC_yi_2stage	ANO3	0.0250264506938045	0.946455652167785	0.144839092697323	-6.02580681103554	0.886815980935294	9.02874627702909
ARC_yi_2stage	PDGFD	0.126934485096998	0.735869768887281	0.685370401336909	-6.02633700824672	0.503834508096606	10.5834631342416
ARC_yi_2stage	PCNA	-0.126632149646669	0.734541573090149	-0.755878001199327	-6.03618580775251	0.461729867960591	10.9286709306615
ARC_yi_2stage	NTNG1	0.146223951010104	0.740111190948751	0.674335197179202	-6.04154735610507	0.510622275920975	10.5980731297386
ARC_yi_2stage	TP53	-0.115230965163136	0.735869768887281	-0.709524893159038	-6.04446119617758	0.489162304778887	10.7478090229304
ARC_yi_2stage	PCSK6	0.132048064285145	0.809567282774081	0.485748254316669	-6.05202644125046	0.634345870885992	9.90271861742891
ARC_yi_2stage	CD4	-0.0890999050266892	0.891312122696028	-0.338106653263505	-6.05280410504473	0.740089616678617	9.57868933851869
ARC_yi_2stage	FSTL4	-0.0893162181670171	0.840044094442502	-0.422316514025574	-6.06095344087429	0.678939747563118	9.69330063921329
ARC_yi_2stage	CNDP1	0.236204571343587	0.735869768887281	0.685067057248793	-6.06143326434404	0.504020389648823	10.7669247045946
ARC_yi_2stage	FCER1G	-0.0526004233533524	0.938807247851112	-0.177379110671451	-6.06689384785096	0.861645008301706	9.5516236349052
ARC_yi_2stage	CDH6	-0.109010883751937	0.735869768887281	-0.694376445068514	-6.07950505818914	0.498334090151869	10.8879535432946
ARC_yi_2stage	TMEM132C	-0.115830077756719	0.740111190948751	-0.672971910618275	-6.08156653122281	0.511464489651183	10.8509371084133
ARC_yi_2stage	S100A4	-0.252599139823008	0.803503203855113	-0.503649611726692	-6.08413302587631	0.622012179380399	10.2653703399385
ARC_yi_2stage	TGFB1	0.103702095150338	0.740111190948751	0.670475861882883	-6.09557625317267	0.5130085789316	10.9997224630394
ARC_yi_2stage	SPHKAP	0.0653799498877348	0.891312122696028	0.337249399342143	-6.10935812517887	0.740722431009331	9.8098808378236
ARC_yi_2stage	MCTP2	0.0169968677912635	0.964275185422318	0.0898663471534112	-6.11541072064729	0.92961314781061	9.50546949261637
ARC_yi_2stage	SPON1	-0.138784281541868	0.686585990478769	-0.883509691656314	-6.11834365377968	0.39125996169749	12.904245920711
ARC_yi_2stage	CCNA1	-0.0421267537505052	0.92338469045774	-0.218689124395589	-6.12225886475623	0.829916023719754	9.57355006888694
ARC_yi_2stage	CHGB	0.13368973585248	0.621064076235708	1.03887778264368	-6.12656614258242	0.315740869059582	14.6844018649305
ARC_yi_2stage	NRGN	0.0977296761307134	0.891869833395494	0.327808165511532	-6.12887807429323	0.747704572654853	10.0526280504374
ARC_yi_2stage	SERPINA3	0.245196841728182	0.893405957655511	0.316438558081751	-6.13053604053503	0.756143234030505	10.2751114957179
ARC_yi_2stage	UNC5B	0.105979195490155	0.92338469045774	0.215314761876158	-6.14256807238077	0.832497111048884	9.82603305008619
ARC_yi_2stage	CDH4	0.026031941546135	0.962145129178581	0.108984299559578	-6.14438429255309	0.914696876232788	9.76874896998435
ARC_yi_2stage	LAMP5	0.0324668683716567	0.946455652167785	0.147321589641629	-6.1488443920631	0.884890851388667	9.86315710098974
ARC_yi_2stage	EGFR	0.0927051574231417	0.77091806135056	0.609950350777701	-6.1510119451327	0.551259216472592	11.1856281471096
ARC_yi_2stage	RGS16	-0.173317464530061	0.79562445644092	-0.540096367615148	-6.16343498564159	0.597263290588527	10.8736367101278
ARC_yi_2stage	FEZF1	0.006793709014282	0.9927102959027	0.0209855603280451	-6.16614331757003	0.983540939135143	9.76972381503601
ARC_yi_2stage	PSEN1	-0.0730330284826142	0.7880612558026	-0.555553846560016	-6.17131940684139	0.586918236747241	10.9793467272376
ARC_yi_2stage	MAN1A1	0.0432788950042866	0.917190545703211	0.238605437462534	-6.1736271278125	0.814724091980349	10.093056525808
ARC_yi_2stage	OPALIN	0.15142978218587	0.801856977255888	0.521507933894665	-6.18817209815947	0.609823943042411	10.9559665488508
ARC_yi_2stage	RFTN1	0.104228956552138	0.813716854826781	0.473334625562492	-6.19406778996104	0.642965316004008	10.9549075503976
ARC_yi_2stage	ST18	-0.0029683230019586	0.9927102959027	-0.0162294338528928	-6.19537881572827	0.987270787432001	10.0049923927549
ARC_yi_2stage	SEMA5A	0.0877948887875437	0.801856977255888	0.510504326239922	-6.20885716283019	0.617320029065492	11.1974912568597
ARC_yi_2stage	RSPO2	-0.0863576102163179	0.890196402399824	-0.346224022130869	-6.21173009248206	0.734107170198211	10.3666619765325
ARC_yi_2stage	LEPR	-0.0162332495585815	0.969687651297883	-0.0759811684654203	-6.21991221960815	0.940464187834112	10.1098129762892
ARC_yi_2stage	FOS	0.460704731023951	0.735869768887281	0.68596756875532	-6.22324912425263	0.503468695957133	12.4192229286755
ARC_yi_2stage	DOC2A	0.0516466888173692	0.906332491588114	0.27173400194498	-6.22572852251129	0.789626663904165	10.4370287933491
ARC_yi_2stage	NR2F2	0.00049165814230534	0.998224094972855	0.00226413123166215	-6.22718759081065	0.998224094972855	10.1548229856027
ARC_yi_2stage	B4GALNT1	0.0516687431182437	0.893405957655511	0.296496803568318	-6.22910808082351	0.771021579894482	10.5674473751199
ARC_yi_2stage	NCSTN	-0.0439852561805179	0.912397072903153	-0.258124151010567	-6.23819427492708	0.79990976254523	10.4488550030137
ARC_yi_2stage	AR	0.0637851113490111	0.917190545703211	0.240583520326884	-6.23829682669918	0.813219319476618	10.2927822183685
ARC_yi_2stage	COL25A1	-0.0946036333496174	0.893405957655511	-0.299385618534835	-6.24108199528199	0.768860325759223	10.4995496521022
ARC_yi_2stage	DNER	-0.0911621980340911	0.686585990478769	-0.883963655392645	-6.24301953807002	0.391022811840228	14.3248994894729
ARC_yi_2stage	TTYH1	0.0971425778400636	0.728587600649502	0.767301213253809	-6.2451824473759	0.455117734104346	13.355826367929
ARC_yi_2stage	PTGDS	-0.12397735345588	0.658517377091335	-0.954357550085493	-6.250347604202	0.35541896790957	15.2054789402488
ARC_yi_2stage	RNASET2	0.0633926363421153	0.875293838759986	0.369542870169253	-6.27319265315192	0.717021528189687	11.2749798656733
ARC_yi_2stage	GJA1	-0.124925209747696	0.683153876118891	-0.901730059546017	-6.27510326613888	0.381817508844531	14.8644436040344
ARC_yi_2stage	CLDN11	-0.0231064434952426	0.966902057708496	-0.0828258723375062	-6.28747206663122	0.935113496907121	10.5017034931936
ARC_yi_2stage	PCSK1	0.0264594182508553	0.964275185422318	0.0967215937210849	-6.29726977444643	0.924261074781188	10.7685748956956
ARC_yi_2stage	GHRH	0.033541426560026	0.964275185422318	0.0894591924526579	-6.30479585295297	0.929931137722345	10.9974404425588
ARC_yi_2stage	HES1	0.0724579546669659	0.917190545703211	0.234377834196512	-6.31337246956346	0.817942652904627	11.1313188081014
ARC_yi_2stage	TRIL	-0.0771028278020971	0.813716854826781	-0.47144026289489	-6.31517377876256	0.644285400123123	12.0083874242903
ARC_yi_2stage	HTR2C	-0.0221687686148169	0.955511227857629	-0.120442693918526	-6.31947354852093	0.905772287229423	10.9870647655659
ARC_yi_2stage	IDH1	0.00120385887242946	0.995912746206381	0.00868966400942736	-6.35373492617927	0.993184218134583	11.202081689313
ARC_yi_2stage	IGFBP5	-0.107312952867954	0.893405957655511	-0.31474539805411	-6.35811351455907	0.757402704162403	11.649147072143
ARC_yi_2stage	SOX4	-0.0212877783510059	0.946455652167785	-0.146280274721691	-6.35934557817414	0.88569828073838	11.3407682214524
ARC_yi_2stage	APP	0.0941448130058866	0.716256636067753	0.829900032364542	-6.36509627910213	0.419942246899998	15.2174551962049
ARC_yi_2stage	RRAGB	0.0027511383312806	0.9927102959027	0.0177256456525122	-6.37003569592698	0.986097391173928	11.4077092573912
ARC_yi_2stage	STAT3	-0.0865914494822153	0.803503203855113	-0.502224031948916	-6.37089079096929	0.6229901553178	12.8410130716487
ARC_yi_2stage	SOX9	-0.11260262919812	0.821355787980486	-0.45636524953309	-6.37229008657299	0.654834340554305	12.5926385764933
ARC_yi_2stage	PCP4	0.0410409552459363	0.946072506819228	0.156475985916108	-6.37765554650956	0.877798375642178	11.766401580149
ARC_yi_2stage	TNRC6B	-0.0300696371426401	0.917190545703211	-0.235030974640523	-6.38344292103613	0.817445180450375	11.8466125073813
ARC_yi_2stage	IDH2	0.0727401956388523	0.813716854826781	0.471679945250695	-6.39243551443182	0.644118309122425	12.9605497787511
ARC_yi_2stage	DLG4	0.0891021474532963	0.734798160000144	0.738828293394152	-6.39272134972529	0.471708391420339	14.7545948502283
ARC_yi_2stage	SHANK3	0.0471851347771519	0.893405957655511	0.306090118706548	-6.39823042797909	0.763852058035213	12.3594544485615
ARC_yi_2stage	IFITM3	0.101981944924809	0.893405957655511	0.29868081330838	-6.39928031422909	0.769387440348921	12.3861501627022
ARC_yi_2stage	SOX2	-0.00476843239516889	0.9927102959027	-0.020586181286392	-6.39937929020235	0.9838541260218	11.6580101478098
ARC_yi_2stage	ECEL1	-0.0539809493752674	0.893405957655511	-0.308744320365934	-6.52523913960472	0.761872366658938	13.624489797445
ARC_yi_2stage	AQP4	-0.0220038562460836	0.935734842519758	-0.184363546219711	-6.6618124063814	0.856261472333148	14.7518708291041
ARC_yi_2stage	APOE	-0.00443210502693248	0.9927102959027	-0.0248728572164192	-6.72678096349671	0.980492735449172	15.4065538591398
VMH_yi_2stage	CYP26A1	-2.31429513082234	0.0451370305406505	-5.27525291969922	1.19561602100087	0.000123325220056422	8.1227720684965
VMH_yi_2stage	FCGR3A	-1.42492288821604	0.108835298000719	-4.2814438969024	-0.320057264821128	0.000785446651524865	9.27786073885996
VMH_yi_2stage	FCGR1A	-2.02288260028932	0.108835298000719	-4.21524001629405	-0.432171634600484	0.00089209260656327	8.84153661685505
VMH_yi_2stage	CD14	-1.58575821921954	0.185709026196906	-3.71742560896544	-1.29444185619968	0.0023514183538192	8.66361766645486
VMH_yi_2stage	CD68	-1.04226848846627	0.185709026196906	-3.66068992279478	-1.39905465465069	0.00262882713263507	9.03559243675754
VMH_yi_2stage	TAC1	-0.643414576639076	0.185709026196906	-3.58613774859484	-1.66692331265306	0.00304441026552304	11.4943080618027
VMH_yi_2stage	IGFBP4	-0.929899685710227	0.257591789194394	-3.33892513827819	-2.00013107369323	0.00495937349894911	9.65306481741233
VMH_yi_2stage	CTSS	-0.638663649434612	0.257591789194394	-3.1410831128522	-2.33147486520711	0.00733187727396927	9.44985027433309
VMH_yi_2stage	TMIGD3	-0.982992144328549	0.257591789194394	-3.12417270875369	-2.33698396673154	0.00758085043300506	9.24888199290767
VMH_yi_2stage	RDH10	-1.4018064939246	0.257591789194394	-3.13907733987679	-2.40339466927691	0.00736097819112674	9.98855415348856
VMH_yi_2stage	CD163	-1.62490096597975	0.257591789194394	-3.0288585810539	-2.44965987860878	0.00914943513532002	7.15192931404563
VMH_yi_2stage	C1QL3	-0.591399048800087	0.257591789194394	-3.0643114857538	-2.45557876215056	0.00853157800728453	9.08589020311986
VMH_yi_2stage	STXBP2	-0.646685251200076	0.257591789194394	-3.04693922276348	-2.45645055792076	0.00882899008985899	8.8054846338291
VMH_yi_2stage	ALKAL2	-1.41573358531687	0.338478567025607	-2.8523432525922	-2.73187548723912	0.0129472675911434	6.65090948966541
VMH_yi_2stage	CD36	0.725720040090348	0.362495779538299	2.74909796961322	-3.0199003635297	0.0158468100344612	9.06802434437746
VMH_yi_2stage	ANKRD34B	0.465719823358784	0.362495779538299	2.74972904374962	-3.27464106015389	0.0158272925231699	12.3302004262476
VMH_yi_2stage	PECAM1	-0.81120608192238	0.366749335093893	-2.66060599664723	-3.28227656132683	0.0188287561144726	10.3057791442894
VMH_yi_2stage	AIF1	-0.953008004681106	0.366749335093893	-2.57993265289115	-3.33724718693022	0.0220167272244257	9.99244745358369
VMH_yi_2stage	THBS1	-1.5490255466549	0.366749335093893	-2.51488967766512	-3.36617228624492	0.024960638405586	8.62488991357359
VMH_yi_2stage	ITGA8	0.410313374135871	0.366749335093893	2.51462756283628	-3.39867955215417	0.0249732351125731	8.69373738593196
VMH_yi_2stage	ITGAM	-0.71727620813717	0.369120642791353	-2.48925949474224	-3.4150301078435	0.026221685007036	9.00071835555722
VMH_yi_2stage	NES	-0.7908762633705	0.366749335093893	-2.57162607601401	-3.46376549822536	0.0223731546325402	10.5625325419821
VMH_yi_2stage	ARHGAP24	-0.421810731834569	0.366749335093893	-2.52425136196002	-3.46724552911699	0.0245147166310623	10.0182360328285
VMH_yi_2stage	PTPRC	-0.568478760395415	0.376981309392938	-2.42430134495561	-3.53260438701102	0.029696974340269	8.98951369792622
VMH_yi_2stage	FCER1G	-1.013682943206	0.376981309392938	-2.4387469246881	-3.5338066038775	0.028888004722364	9.54083326547618
VMH_yi_2stage	MC4R	0.478930226508192	0.376981309392938	2.38629074735643	-3.57780768541146	0.0319301109048663	8.43088293641026
VMH_yi_2stage	FGFR3	0.535453150360228	0.366749335093893	2.56139960757178	-3.61044560955952	0.0228196104389547	12.5522528422717
VMH_yi_2stage	ADCYAP1	-0.379495101596007	0.366749335093893	-2.54224258465655	-3.62390665364204	0.0236791582262591	12.0788414312264
VMH_yi_2stage	SOX2	0.382599257257072	0.366749335093893	2.51300840388016	-3.65845642272616	0.0250511840911129	11.8294422127424
VMH_yi_2stage	CDH12	0.539040006140899	0.399009855047891	2.33349006562324	-3.66599955484577	0.0352984494709084	8.71625490650339
VMH_yi_2stage	LRRK1	-0.699233066668503	0.428149003714845	-2.26538334578867	-3.66776991378742	0.0401416163594614	7.69132830327544
VMH_yi_2stage	MC3R	0.456023044441805	0.376981309392938	2.38890793688336	-3.69328321262032	0.0317713607938369	9.40655821433351
VMH_yi_2stage	CAV1	-0.459929593295197	0.399009855047891	-2.32344472468416	-3.75980745085619	0.0359762984059574	9.02173849037674
VMH_yi_2stage	HRH3	0.218507318164491	0.376981309392938	2.38796083850232	-3.86883912120301	0.0318287217687405	11.6535446378615
VMH_yi_2stage	ITGB2	-0.670335567838468	0.430849764876209	-2.22187925946396	-3.87575289088328	0.0435558505475949	9.13408212141946
VMH_yi_2stage	TREM2	-0.901612307328211	0.447676915026459	-2.08977196597916	-3.89613838893686	0.0556620798323773	7.3576318276206
VMH_yi_2stage	TGFBI	-0.66542302623783	0.447676915026459	-2.08137094028915	-3.94054441118128	0.0565288988113928	7.45444485849258
VMH_yi_2stage	FRMPD2	0.387599736481626	0.428149003714845	2.24986453365874	-4.01370453425069	0.0413296030389327	10.5930652128657
VMH_yi_2stage	ESR1	-0.751073398339035	0.447676915026459	-2.14993458178488	-4.0168642080191	0.0498052781990647	9.32562721123887
VMH_yi_2stage	GPR34	-1.12945857413946	0.447676915026459	-2.12029189788339	-4.02844328781973	0.0526155027548137	9.08812760258914
VMH_yi_2stage	CCNB2	-0.665510052543139	0.487641619835082	-1.93849567224044	-4.03337891252784	0.0733064575490264	5.53414487046232
VMH_yi_2stage	VCAN	0.641911778290128	0.428149003714845	2.23985857148156	-4.03706988179895	0.0421130167588372	10.9064379098475
VMH_yi_2stage	SPI1	-0.762914128176313	0.447676915026459	-2.13551109090395	-4.12418104974559	0.0511547695332637	10.1777966187292
VMH_yi_2stage	IL18R1	-0.701628154137675	0.489717411152391	-1.82553180860662	-4.14403377081792	0.0896477228065852	5.45827298571691
VMH_yi_2stage	FILIP1	0.469080388624109	0.447676915026459	2.04589430168143	-4.1528257377341	0.0603285887299074	8.54612758068251
VMH_yi_2stage	SERPINA3	-2.15203485225878	0.447676915026459	-2.03931930775164	-4.18325182874173	0.0610581265779047	9.33157972514855
VMH_yi_2stage	MS4A6A	-0.609753260055405	0.487641619835082	-1.94111181435611	-4.24251209351673	0.0729622176936092	8.53116992728335
VMH_yi_2stage	ADAMTS16	-0.710949595399171	0.517245962702257	-1.75320721724903	-4.25195779178965	0.101753304138149	5.31497455952342
VMH_yi_2stage	ERBB3	0.672702394929782	0.447676915026459	2.03842438959775	-4.25241998269556	0.0611580485008824	9.92271167289835
VMH_yi_2stage	HS6ST2	0.302610327477897	0.447676915026459	2.14801872307974	-4.29670476407652	0.0499826022170807	11.8901309938486
VMH_yi_2stage	SYNPR	-0.342795411163564	0.447676915026459	-2.10593276370625	-4.3185266604622	0.0540290878825702	11.4082549787324
VMH_yi_2stage	ECEL1	-0.422159066395153	0.447676915026459	-2.11374087755318	-4.32852770394266	0.0532561088875203	11.7533981493033
VMH_yi_2stage	CRHR2	0.390149232439191	0.487641619835082	1.94962750754309	-4.34404788623019	0.0718518464465516	8.86198365957163
VMH_yi_2stage	THSD7B	-0.309740905455731	0.487641619835082	-1.86587194243644	-4.41412430229059	0.0834697678256112	8.74590509864096
VMH_yi_2stage	OLIG2	0.822397534050342	0.447676915026459	2.05758506970779	-4.41534703578156	0.0590512072925809	11.7992582022391
VMH_yi_2stage	MOBP	0.676644915448208	0.447676915026459	2.07741212651503	-4.42406734518798	0.0569416792844338	12.4443039160631
VMH_yi_2stage	ALK	-0.644062205561552	0.487641619835082	-1.89282818535184	-4.4248888336362	0.0795576573976275	9.2984403021991
VMH_yi_2stage	KLF2	0.70058139070478	0.487641619835082	1.85955765087183	-4.43361275570486	0.0844108189603654	8.61921008595421
VMH_yi_2stage	CXCR4	0.641991575970218	0.487641619835082	1.8364568837421	-4.44800433274266	0.0879353740686214	9.03493609320762
VMH_yi_2stage	RGS16	-0.753810922453818	0.487641619835082	-1.95107431452694	-4.44920743036234	0.0716647301293462	10.1261575222727
VMH_yi_2stage	PDGFRA	0.879742104966194	0.460769788423909	2.01175529274574	-4.49411451119385	0.0642056262557906	11.8528304831259
VMH_yi_2stage	CEMIP2	-0.448854290232887	0.487641619835082	-1.88067482138709	-4.51696470414033	0.0813005175820732	9.70896416675902
VMH_yi_2stage	SULF1	-0.5389588470482	0.487641619835082	-1.88025638435387	-4.55720702138063	0.0813611321622814	10.2118081372838
VMH_yi_2stage	POMC	0.651064971765102	0.495339577750378	1.8050912872849	-4.57319589058581	0.0929317105843853	9.56834869578827
VMH_yi_2stage	SNTB2	-0.375945772988191	0.487641619835082	-1.83842687506299	-4.58895434645548	0.0876297414060445	9.81399460812983
VMH_yi_2stage	NRP1	-0.287954945495963	0.487641619835082	-1.90238593302991	-4.60839591840037	0.0782107930202809	11.0693575066456
VMH_yi_2stage	LAMA2	-0.363979124113683	0.55249716363541	-1.66106050747793	-4.66879452029313	0.119254852260102	8.49356640006699
VMH_yi_2stage	IGFBP5	0.400322360801018	0.487641619835082	1.90335109641602	-4.67492861954606	0.0780759355341649	11.5978684435589
VMH_yi_2stage	WIF1	-0.440067703554515	0.495339577750378	-1.79412704572641	-4.689206815605	0.0947370777118208	10.3000580850818
VMH_yi_2stage	CYP26B1	-0.524085306609885	0.55249716363541	-1.66147087498595	-4.69333351363536	0.119171416765633	8.73033667344225
VMH_yi_2stage	ST18	0.52620776560874	0.520005209613233	1.74220329208865	-4.72530259250209	0.103716886070399	9.86035076790851
VMH_yi_2stage	TGFB1	-0.294483328239165	0.495339577750378	-1.79665218770484	-4.74618699145038	0.0943185434009308	10.7412176134503
VMH_yi_2stage	TPH2	-0.42791541784784	0.650533578466984	-1.30733999756152	-4.78194176025182	0.21247349485797	6.20743018711128
VMH_yi_2stage	TMEM233	-0.420449261978282	0.579399585907442	-1.61104810077403	-4.7926137694333	0.129810836186913	8.10391667275284
VMH_yi_2stage	SPON1	0.300809438536646	0.487641619835082	1.84268931853046	-4.82870086596086	0.0869717034112617	12.8120734976221
VMH_yi_2stage	PLCH1	-0.331638759791336	0.58001719086641	-1.60322071212332	-4.83154811703628	0.131533953119978	9.03237213026178
VMH_yi_2stage	NNAT	0.303428830722176	0.487641619835082	1.84620808647198	-4.83400680183406	0.0864318158197824	13.0129545550768
VMH_yi_2stage	LY86	-0.679265186468816	0.637548181351021	-1.35883560731982	-4.83709640391014	0.196007657582181	7.59312405201794
VMH_yi_2stage	CCL5	0.782986903484459	0.650533578466984	1.28879713128721	-4.8424765768537	0.218668184587904	6.34769353346944
VMH_yi_2stage	SOX10	0.500211686054907	0.51071935069987	1.76852919193824	-4.84785922705332	0.0990739724035267	11.5650321497613
VMH_yi_2stage	MYZAP	0.384563699829107	0.588010971576846	1.52032786718498	-4.85688545171093	0.151019211279299	8.21165541225055
VMH_yi_2stage	CNTNAP3B	0.304910544128276	0.544997669336614	1.69167221790012	-4.8640439250536	0.113168914944215	10.5267150012111
VMH_yi_2stage	PHLDB2	-0.294863953705878	0.569431189804304	-1.62858112813318	-4.87635520108239	0.126021656759969	9.63736391909236
VMH_yi_2stage	SSTR2	0.29961366200172	0.5821275121614	1.54882684565554	-4.88621873080258	0.144059782219328	8.75274384583224
VMH_yi_2stage	ANXA1	-0.395810154088959	0.5821275121614	-1.56995422403437	-4.89351002745947	0.139078443859099	9.16657067863906
VMH_yi_2stage	RNF144B	-0.377437815605195	0.5821275121614	-1.54209024934449	-4.89743543619577	0.145679750365395	8.95278380692023
VMH_yi_2stage	SLC26A4	-0.512466844231545	0.70742576237562	-1.15746927807607	-4.90741009143091	0.266734303846545	5.88611195103349
VMH_yi_2stage	CRYM	0.374515064312487	0.5821275121614	1.58049927831157	-4.9105545249085	0.136647763145528	9.75989308667357
VMH_yi_2stage	RELN	0.458182209382775	0.5821275121614	1.55282285413783	-4.93200185302457	0.143106119266719	9.53195883800268
VMH_yi_2stage	CCNA1	0.284891234697358	0.589061344657246	1.51282360577186	-4.93525582322964	0.15289843645475	8.90721861035935
VMH_yi_2stage	SPHKAP	-0.407939905998623	0.569431189804304	-1.63062669645931	-4.94312418581519	0.125585868156655	10.5535382105449
VMH_yi_2stage	ROS1	-0.803693291541018	0.767318567825667	-1.01638416446647	-4.972832617175	0.326946141788521	5.36188572673783
VMH_yi_2stage	DDN	0.329959557876418	0.544997669336614	1.69759759386582	-4.97558911049535	0.112022777935113	11.5489620721152
VMH_yi_2stage	CD86	-0.420473267968494	0.653737749224284	-1.27528888189639	-4.99353489175844	0.223271089215944	8.06479286943281
VMH_yi_2stage	ERMN	0.666987647180864	0.55249716363541	1.67304665838045	-5.01710126143817	0.116838692478649	12.0124449311504
VMH_yi_2stage	CD4	-0.378203163101851	0.600097234157172	-1.48882161001209	-5.01742071390584	0.159042163150944	9.80921881088056
VMH_yi_2stage	GHRH	-0.60288645981266	0.794695753019644	-0.910134713943142	-5.03210594436171	0.378383479664371	5.57006904033977
VMH_yi_2stage	SLC17A7	-0.601249165843868	0.794695753019644	-0.906910188277706	-5.03470546267156	0.380027248966201	5.16250180806804
VMH_yi_2stage	CTNNA3	0.421406652492632	0.641036651309649	1.33054219743794	-5.04326675036842	0.204921552467839	8.27034194811102
VMH_yi_2stage	IDH2	0.270689022286675	0.53388808549803	1.71912163772563	-5.04759866909182	0.107944585592498	13.3205684684042
VMH_yi_2stage	ANO3	-0.261693540855669	0.612310862636866	-1.47019416806143	-5.05808906539252	0.163952088902767	9.43231200686322
VMH_yi_2stage	RASGRP1	0.290043702777117	0.637548181351021	1.37560938909123	-5.0710930305616	0.190873757498243	8.71384327794902
VMH_yi_2stage	HS3ST2	-0.425493366653281	0.681085179166038	-1.20781604064698	-5.08976926986093	0.247422806274562	7.69414967624472
VMH_yi_2stage	SLC6A3	-0.657480424643703	0.794695753019644	-0.901508658802296	-5.09466047007428	0.382791708447455	5.70779769822693
VMH_yi_2stage	TOP2A	-0.552182790675253	0.825151107103151	-0.834728030480636	-5.09529969265171	0.418096000573386	5.2792265735906
VMH_yi_2stage	GAS2L3	-0.283301518597743	0.777229790353443	-1.00242671025125	-5.10093131115414	0.333401849960357	6.0608327055075
VMH_yi_2stage	KLK6	0.339958831282708	0.778888827222666	0.9918174612926	-5.10757323247971	0.338369736416404	6.50469111449465
VMH_yi_2stage	NTNG2	0.348472950311711	0.619194632568561	1.4325779586112	-5.10832886377866	0.174254227198256	9.73030148817735
VMH_yi_2stage	NR4A2	0.885224520961784	0.661833534789638	1.25043714672703	-5.10899644601794	0.231940077894231	7.78381387695505
VMH_yi_2stage	CCK	-0.38732056620179	0.635507127053933	-1.40440389897468	-5.13249659634133	0.182317618417112	9.53889570786752
VMH_yi_2stage	RXFP1	-0.43675451443146	0.848536787151485	-0.765758646747995	-5.13737236707373	0.456726084887548	5.28024109618086
VMH_yi_2stage	MYO5B	-0.255111595791716	0.650533578466984	-1.29952430442383	-5.15774112907064	0.21506714639197	8.44033430110065
VMH_yi_2stage	MAG	0.381968546196987	0.637548181351021	1.37368329135128	-5.16679421567317	0.191457629920893	9.59063599316401
VMH_yi_2stage	CRHBP	0.298609245795266	0.715883068597522	1.13272756936824	-5.16749280763586	0.276637769924346	8.15574499759886
VMH_yi_2stage	RIT2	0.278151347512504	0.596608809487627	1.49870521887273	-5.17013102445368	0.156487556586918	10.9543206825962
VMH_yi_2stage	FGFR2	-0.250728380206899	0.5821275121614	-1.53288804199808	-5.19483312220316	0.147917646532815	11.5763258243409
VMH_yi_2stage	COL25A1	-0.358737344390867	0.615207962784962	-1.4435429144191	-5.19935662286542	0.17119704767403	10.5218092175849
VMH_yi_2stage	CD3G	0.365829920596238	0.857382501294071	0.745449520536053	-5.203940261412	0.468515028029547	5.56668615891165
VMH_yi_2stage	ANKRD18A	0.271094564025669	0.637548181351021	1.3533042027332	-5.21476734110885	0.197725101821593	9.55722135756869
VMH_yi_2stage	IL7R	0.308590036217764	0.820109707956688	0.853776003873204	-5.2173863109363	0.407814117071359	6.47225364578383
VMH_yi_2stage	P2RY13	-0.595805552056987	0.684144735369627	-1.19469370962496	-5.22230447450308	0.252348467964207	8.90362987923535
VMH_yi_2stage	TTYH1	0.213227222181272	0.5821275121614	1.5858971169309	-5.25101405916341	0.135417689106499	13.5210838012256
VMH_yi_2stage	CDK1	-0.265414786894061	0.918739657168398	-0.472017821340486	-5.25545420220023	0.644295316105177	4.95585485765196
VMH_yi_2stage	CDH13	0.172122931160551	0.5821275121614	1.55445069554464	-5.25773950215918	0.14271917395245	12.7825563944926
VMH_yi_2stage	ANK1	-0.302736774006933	0.681085179166038	-1.20777839438798	-5.26081053258969	0.247436829646281	8.78798251828944
VMH_yi_2stage	DCC	0.224092527317993	0.637548181351021	1.33950031325508	-5.26719400090074	0.202064450919996	10.0805254412006
VMH_yi_2stage	GSX1	0.0707275542079886	0.957432079035076	0.165300143860481	-5.27023953624617	0.871106235843389	4.67681711846163
VMH_yi_2stage	LHX6	-0.381116995405732	0.767318567825667	-1.02339786558411	-5.29004129498558	0.323736376928038	7.84101636938641
VMH_yi_2stage	HLA-DMB	0.369196357506898	0.696998204634935	1.1740592112306	-5.29140275749634	0.260247073186118	9.06489728369046
VMH_yi_2stage	PWP2	0.169643498506073	0.637548181351021	1.34985445000513	-5.29410706260516	0.198802396239376	10.235966479212
VMH_yi_2stage	IDH1	0.282826519663114	0.632181861236363	1.41365599137473	-5.30042819328008	0.179636375870442	10.9822682370209
VMH_yi_2stage	RGS10	-0.521056859307334	0.767318567825667	-1.01614974879344	-5.30671991558377	0.327053815794546	8.38810566120289
VMH_yi_2stage	PVALB	-0.0980251218973596	0.957432079035076	-0.198674556265421	-5.30690517036175	0.845416277181096	4.5409171813307
VMH_yi_2stage	LINC01615	0.286219048055447	0.696998204634935	1.17237974455131	-5.32121334081502	0.260898235068268	8.54471881761939
VMH_yi_2stage	CTSH	-0.245108899426359	0.637548181351021	-1.36928774345434	-5.32146182686303	0.192795553577569	10.7303824093984
VMH_yi_2stage	CAMK2A	0.173907534233006	0.5821275121614	1.55413768554277	-5.32415656612249	0.142793508501187	13.7947077266354
VMH_yi_2stage	CYTIP	-0.185231754173111	0.791564089966465	-0.95532251596484	-5.32875232282008	0.355860945724422	7.69096524293844
VMH_yi_2stage	OXT	0.780640036574048	0.791564089966465	0.935486709964855	-5.3502512725633	0.365629603499101	7.38676505762409
VMH_yi_2stage	NTRK3	0.153943949174197	0.615207962784962	1.4541105371266	-5.35550588483036	0.168293006774416	12.4018289117302
VMH_yi_2stage	BCAN	0.250453712994203	0.615207962784962	1.44262447000191	-5.35570185304529	0.171451399464662	12.1597586715737
VMH_yi_2stage	THSD4	-0.205579342440771	0.661833534789638	-1.24669211989861	-5.36265461037538	0.233269196688151	9.84210388112864
VMH_yi_2stage	CENPF	0.204166004570244	0.825151107103151	0.83198875542625	-5.36330792388798	0.419588486524428	7.13272579531086
VMH_yi_2stage	NR5A1	0.354288154574926	0.637548181351021	1.38788319373971	-5.36445184278006	0.187187247398553	10.9126091851494
VMH_yi_2stage	AGRP	0.000358376452678222	0.999783516227307	0.000598421541631296	-5.37752454874087	0.999531098453175	5.24837243198211
VMH_yi_2stage	OXTR	0.217972532243708	0.650533578466984	1.30881763251139	-5.37894584815417	0.211985971685817	10.3148476774134
VMH_yi_2stage	FASLG	-0.0503037719391051	0.96913259057829	-0.110454783270862	-5.38476119288319	0.91363993428546	5.30538120943821
VMH_yi_2stage	CXCL14	-0.268686296590497	0.637548181351021	-1.34452527696359	-5.39124183248563	0.200475965328639	10.7508892235535
VMH_yi_2stage	TP53	0.205534196453721	0.650533578466984	1.29500559063222	-5.39411113347329	0.216578220530999	10.5637151328897
VMH_yi_2stage	GJA1	0.231025132019145	0.5821275121614	1.53412364103738	-5.39531276676436	0.147615472985495	14.9221668169808
VMH_yi_2stage	NPY1R	0.221715924440675	0.650533578466984	1.28675168772656	-5.39856830560923	0.219360261738137	10.3462968451841
VMH_yi_2stage	MYT1L	0.133569415771538	0.615207962784962	1.44297804717173	-5.39899079016305	0.171353443463725	12.8441514968857
VMH_yi_2stage	NKG7	-0.145810007771036	0.956032792017781	-0.252300049690838	-5.39905261856123	0.804530327708953	5.34632621071459
VMH_yi_2stage	NDST4	0.233050781812806	0.882446442018121	0.647871819388474	-5.40297732016148	0.527706730810574	7.03991907619375
VMH_yi_2stage	LBHD2	-0.298228753691668	0.952850846445593	-0.382722541229897	-5.40994170474593	0.707759154596578	6.3700435430292
VMH_yi_2stage	TRAC	0.240084505465132	0.877161523669681	0.66781460167722	-5.41008344142999	0.515272479751316	6.75438691952858
VMH_yi_2stage	TGFB2	-0.278555137252695	0.650533578466984	-1.28369028070025	-5.41026522403688	0.220399354453295	10.3767589963948
VMH_yi_2stage	OTOGL	0.184771020533757	0.905678961198829	0.546688318426887	-5.41099228624844	0.593328223627409	6.3353840705502
VMH_yi_2stage	LYPD6B	-0.144367647707258	0.918739657168398	-0.478760094456804	-5.41231162600842	0.639610695986067	6.34969160112091
VMH_yi_2stage	GZMA	-0.171953600680012	0.955060770829881	-0.2689152856027	-5.42038173246881	0.791975876667184	5.81819688348738
VMH_yi_2stage	RYR3	0.257972201343495	0.661833534789638	1.25128694250061	-5.43303932398919	0.231639316569954	10.3630277036062
VMH_yi_2stage	MEPE	-0.0553623758108968	0.959703227986697	-0.155840334364376	-5.43344815051394	0.878416889004217	5.85121094099433
VMH_yi_2stage	ICAM5	0.172216923004133	0.918739657168398	0.469665899977331	-5.43759578213559	0.645933178566707	6.00097035506354
VMH_yi_2stage	KLRB1	0.375497808882244	0.882446442018121	0.644583378327435	-5.44012440688732	0.529773299052214	7.45496371798998
VMH_yi_2stage	CD52	-0.0136764063967254	0.995033091657449	-0.0293040025237313	-5.44507401859376	0.977041962571152	5.76236882780546
VMH_yi_2stage	CYP19A1	-0.256003199076651	0.859846161274459	-0.712199367182048	-5.44789435100989	0.488215398137361	7.13601727878653
VMH_yi_2stage	SLIT3	0.259986319227002	0.661833534789638	1.24781979485613	-5.45520615828028	0.232868351989193	10.4704802351449
VMH_yi_2stage	POSTN	-0.322721097872815	0.918739657168398	-0.471406666690901	-5.45525199928144	0.64472073599639	6.91739253125177
VMH_yi_2stage	CCL4	-0.16011727514308	0.955060770829881	-0.267192996547452	-5.46367114517099	0.793274520033563	5.89940506571951
VMH_yi_2stage	MKI67	-0.0591867834910884	0.957432079035076	-0.17526479288183	-5.47602960558418	0.863418671798605	5.98588433061226
VMH_yi_2stage	ENOX2	-0.155708437636548	0.748358228564991	-1.07329031380601	-5.47815898553409	0.301561942516419	9.23889969407946
VMH_yi_2stage	KLF4	0.407352897406202	0.828094802312663	0.807847069961783	-5.47951813574729	0.432892129874674	7.5524119646978
VMH_yi_2stage	NPFFR2	-0.181519241794299	0.918739657168398	-0.483490600119009	-5.48182362048211	0.636333375501886	6.9646385793845
VMH_yi_2stage	ITGAX	-0.261108531360346	0.725529260092289	-1.11126040949113	-5.48368250558544	0.285454135118278	10.0803255136234
VMH_yi_2stage	GNLY	-0.410616123418183	0.882446442018121	-0.64207015715573	-5.48436656878181	0.531355771456738	7.76871507184516
VMH_yi_2stage	GLRA3	0.195806676052369	0.637548181351021	1.34524787460772	-5.48639593681322	0.200248373688909	12.2318259717638
VMH_yi_2stage	TAC3	0.113596575999937	0.952850846445593	0.286630317184231	-5.4884024959004	0.778656264919549	6.52689531612664
VMH_yi_2stage	STK32B	-0.187478568488261	0.748358228564991	-1.06266628242276	-5.48940257493747	0.306187312368066	9.49138533818453
VMH_yi_2stage	GPR183	-0.291589451703865	0.882446442018121	-0.626893709483298	-5.48949654498236	0.540968127077034	7.75235330022016
VMH_yi_2stage	CUX2	0.168907509781272	0.882446442018121	0.615231091072467	-5.49393244073809	0.548420105347079	7.29547083127222
VMH_yi_2stage	SORCS1	-0.212244302980714	0.748358228564991	-1.06148643025128	-5.50084910687592	0.306704192034832	9.17471633404202
VMH_yi_2stage	LOX	-0.241537932282304	0.905678961198829	-0.547128870187708	-5.50107710533622	0.593033675735116	7.07612457058013
VMH_yi_2stage	GAD2	0.315716605615672	0.748358228564991	1.06620126162166	-5.50435453082542	0.304642521418869	9.84462292683487
VMH_yi_2stage	OLIG1	0.429605849600476	0.637548181351021	1.37959095026057	-5.5045633523318	0.189671414168853	13.2509269417867
VMH_yi_2stage	ADAMTS12	0.137199001115273	0.952850846445593	0.30371756309752	-5.5052072393506	0.76587676121512	6.24795190404864
VMH_yi_2stage	UGT8	0.397508479762989	0.681085179166038	1.22080789408014	-5.5094888475905	0.242620145548145	10.9615850974141
VMH_yi_2stage	POU6F2	0.127182891377374	0.905678961198829	0.549099163042615	-5.51089019074599	0.591717272788785	7.09466992525623
VMH_yi_2stage	SLC10A4	-0.212118716154704	0.825151107103151	-0.833672295092425	-5.52274420529832	0.41867080286181	8.52002048971612
VMH_yi_2stage	CD2	-0.11216578245011	0.957432079035076	-0.230054561670126	-5.52878516163703	0.821426545203789	6.36343926573602
VMH_yi_2stage	TESPA1	-0.279962346358297	0.90659035404887	-0.541261692636664	-5.52922886976813	0.596962500890103	7.33550152883798
VMH_yi_2stage	AVP	0.00020992964137978	0.999783516227307	0.000276280910876305	-5.5375979997769	0.999783516227307	6.03440655582637
VMH_yi_2stage	IDO1	-0.125026807679738	0.956032792017781	-0.258067742261364	-5.54012938620056	0.800165711946899	6.83526643531109
VMH_yi_2stage	C1orf162	-0.229011671476425	0.859751789074934	-0.739236308906733	-5.54203857237963	0.472158769410005	8.01592536267013
VMH_yi_2stage	MT2A	0.237884223760414	0.888599470128379	0.595988845857137	-5.55110189245455	0.560837370490862	7.70734742450649
VMH_yi_2stage	ADRA1B	-0.10227534332508	0.922265023218276	-0.427914805221843	-5.56396714484198	0.675319743777317	7.02029832519848
VMH_yi_2stage	ADAMTS3	-0.129333261082914	0.918739657168398	-0.486911584182536	-5.57321397724519	0.633968215274025	6.77456954572015
VMH_yi_2stage	PLCE1	-0.182288420655134	0.778888827222666	-0.993842939648589	-5.58149659865216	0.337417224959998	9.40494725313569
VMH_yi_2stage	THEMIS	-0.0822882969959196	0.959703227986697	-0.158734319090097	-5.58243361533698	0.87617912582115	6.9989272682675
VMH_yi_2stage	NPNT	0.170687243924471	0.845462100673371	0.772662465108982	-5.58403127629082	0.452761124950767	8.26846229658868
VMH_yi_2stage	HLA-DQA1	0.118259743158003	0.922265023218276	0.437007699038341	-5.59423151106189	0.668870453485789	7.86552856203712
VMH_yi_2stage	EYA4	-0.194918549627354	0.956032792017781	-0.259930053686894	-5.59516496870377	0.798757908295956	7.4282833937461
VMH_yi_2stage	CRH	-0.307347835750628	0.952850846445593	-0.308018416583256	-5.59757591943522	0.762671126014148	6.77956349329801
VMH_yi_2stage	VIP	-0.0575856205520982	0.9638548749184	-0.129568726872602	-5.61080364555023	0.89877834474351	7.03750262402142
VMH_yi_2stage	GAL	0.144786439959046	0.957432079035076	0.224990932275505	-5.61138810439578	0.825285791164677	7.59124823166395
VMH_yi_2stage	EGFR	0.211678614166113	0.681085179166038	1.20761375365456	-5.61255777661396	0.24749816619968	11.6537091446233
VMH_yi_2stage	ZDHHC23	-0.0455926230001804	0.957432079035076	-0.185788564235095	-5.62155263241478	0.855315354484868	6.7213166109298
VMH_yi_2stage	SAMD5	0.189291275224834	0.791564089966465	0.96691481827899	-5.6314839293522	0.350237418774989	9.79712699856656
VMH_yi_2stage	MCTP2	0.156713690691094	0.905678961198829	0.545851608459482	-5.63398846625889	0.593887843409068	8.04226355051779
VMH_yi_2stage	TACR1	-0.208646480795416	0.825151107103151	-0.816021879439227	-5.63467041897822	0.428357132102729	8.72723152709811
VMH_yi_2stage	TRPC6	-0.235408990120193	0.850591044624768	-0.759584224469658	-5.63557293623666	0.460290461208214	8.51486899708777
VMH_yi_2stage	SDK1	-0.137613687821711	0.859846161274459	-0.712119921861708	-5.63715948605177	0.488263057316737	8.11688444172912
VMH_yi_2stage	TRH	-0.211203733764916	0.863439921104118	-0.700247911200982	-5.6380440966299	0.495416348174494	8.52665936459621
VMH_yi_2stage	HILPDA	0.258944740016592	0.800487985422106	0.88048289873825	-5.64082065866111	0.393682615781364	9.28648080853772
VMH_yi_2stage	IGFBP3	-0.253047258662738	0.791564089966465	-0.947433913718334	-5.66293459719835	0.359723794709547	9.79465088714761
VMH_yi_2stage	NXPH2	-0.173220778815541	0.922265023218276	-0.4545347312772	-5.6653608736851	0.656515811750148	7.80198831731175
VMH_yi_2stage	PDGFD	-0.185768768217251	0.794695753019644	-0.900043480529961	-5.66837513082718	0.38354393171656	9.68277425257724
VMH_yi_2stage	KRT8	0.3482417427689	0.684144735369627	1.19853523826705	-5.68016137302967	0.250898685510788	12.5909932025221
VMH_yi_2stage	PCSK6	-0.252580071219883	0.767318567825667	-1.02353647337594	-5.68054497778576	0.323673174849012	10.4624693535116
VMH_yi_2stage	SFRP2	0.0752196665629947	0.952850846445593	0.341065864517911	-5.70104175214461	0.738194177768615	7.53382746995128
VMH_yi_2stage	SHISAL2B	0.184377617402933	0.922265023218276	0.435214968089984	-5.70199157044104	0.670139851197262	7.95722928720192
VMH_yi_2stage	NPY2R	0.122383721328641	0.952850846445593	0.37756740791899	-5.71998645260076	0.711498828775453	7.71663316116562
VMH_yi_2stage	P2RY12	-0.668549128547316	0.794695753019644	-0.900927556669379	-5.73761924895525	0.383089926251461	10.4951732052917
VMH_yi_2stage	TRHDE	0.0505123865597783	0.957432079035076	0.203537046652462	-5.73896982458421	0.841687833425672	7.81114538430286
VMH_yi_2stage	MOG	0.243420018684468	0.791564089966465	0.961393871152691	-5.74285955384198	0.352907823757441	10.6814011006339
VMH_yi_2stage	PCLO	0.122652875554643	0.715883068597522	1.13352527880953	-5.74630940788183	0.276314173916511	12.5095877968355
VMH_yi_2stage	BDNF	-0.220460695192108	0.905678961198829	-0.55413694112833	-5.74761248551927	0.588358205998598	8.54516070332364
VMH_yi_2stage	GFOD1	-0.125935674572	0.725529260092289	-1.11228225028683	-5.75995718422477	0.285029738529155	12.2973903291591
VMH_yi_2stage	LEPR	0.178616328188079	0.859846161274459	0.735100379089594	-5.7624784955851	0.474593885298568	9.05689228659544
VMH_yi_2stage	CDH1	0.0561686190779556	0.957432079035076	0.171326408570583	-5.7625582841141	0.866455399234731	7.76678380850514
VMH_yi_2stage	CORO1A	-0.128201303203481	0.845462100673371	-0.773499407649952	-5.76941812941612	0.452281929559249	9.52332177106167
VMH_yi_2stage	CNTN2	0.209908529067397	0.748358228564991	1.06633075242257	-5.77190721971933	0.304586043115183	11.890398606817
VMH_yi_2stage	PCP4	-0.278314984795411	0.744453248195114	-1.08872723257561	-5.7806071647961	0.294933663902436	12.0487232615359
VMH_yi_2stage	ZBBX	0.00386761729372864	0.995033091657449	0.0167485684689965	-5.81230949267856	0.986877082709437	7.81938188625623
VMH_yi_2stage	SLC17A6	-0.269419551942733	0.715883068597522	-1.13636015390167	-5.81677399048789	0.27516650968821	13.5448653614397
VMH_yi_2stage	NWD2	-0.0785921871302193	0.952850846445593	-0.301415535068491	-5.82240263163834	0.767594412416496	8.23797147778981
VMH_yi_2stage	GPNMB	0.130391907420229	0.949150010753793	0.393186259352991	-5.82999686491917	0.700192630883946	8.70301199709563
VMH_yi_2stage	VGF	-0.212973871509842	0.842246553257105	-0.78375369755792	-5.83026545249372	0.446436697628083	10.2750266985571
VMH_yi_2stage	HRH1	0.176146777384785	0.863609424173155	0.68844000444724	-5.83147556118704	0.502592369805688	9.43002919391193
VMH_yi_2stage	LRRK2	0.102750525370615	0.882446442018121	0.610136647583957	-5.83724867536195	0.551692880305908	9.13650919658292
VMH_yi_2stage	CAPG	0.269601890329399	0.863609424173155	0.690034741806707	-5.83876877536485	0.501619641868179	10.0393516542672
VMH_yi_2stage	C2orf80	-0.192733262765168	0.791564089966465	-0.955250874776063	-5.83945618398437	0.355895895320873	11.3951381319729
VMH_yi_2stage	SOX9	0.241926514657473	0.767318567825667	1.03922422605328	-5.84053987994972	0.316577598450574	12.4448380877245
VMH_yi_2stage	CAPN3	-0.0879307747905571	0.952850846445593	-0.293658221646263	-5.84723265298608	0.77339181083909	8.43019443953384
VMH_yi_2stage	CD48	-0.0612751861745444	0.957432079035076	-0.177285339676697	-5.8529111328198	0.861861577846299	8.47649987150005
VMH_yi_2stage	ADRA1A	-0.0955099314241021	0.825151107103151	-0.820616434462514	-5.85504660590433	0.425821825875346	10.4189619664367
VMH_yi_2stage	LINC02763	-0.139974669222459	0.952850846445593	-0.323419616542303	-5.8557976969484	0.751229330924023	8.49078816188296
VMH_yi_2stage	RNASET2	-0.167933445744266	0.791564089966465	-0.931397503746221	-5.85738246160433	0.367666380585517	11.5009729422479
VMH_yi_2stage	TNRC6B	0.115655741031734	0.791564089966465	0.942128014915018	-5.85993470132014	0.362338373273588	11.386310262915
VMH_yi_2stage	CALCRL	0.158982417699471	0.882446442018121	0.629451192337452	-5.86557645906051	0.539341537795268	9.23034214330763
VMH_yi_2stage	PCNA	0.122760623537179	0.825151107103151	0.819116855730483	-5.86983325346981	0.426648231579764	10.5733449314152
VMH_yi_2stage	FSTL4	0.121564958892064	0.859846161274459	0.716373215188227	-5.87350969865161	0.485715436290117	9.93823742488864
VMH_yi_2stage	TRPC5	-0.10228723189319	0.908005963488217	-0.535137498440411	-5.87522165030169	0.601077429922465	9.03017978492512
VMH_yi_2stage	S100A4	-0.369788553521627	0.866555788718796	-0.681766921859704	-5.87567075901662	0.506674696136127	10.0663210368069
VMH_yi_2stage	ATP2C2	0.164965885852254	0.859846161274459	0.708317108816346	-5.8778531823167	0.490547621566353	10.1348523759659
VMH_yi_2stage	HES1	0.227399740467678	0.796825270712583	0.888117434066871	-5.88033779428094	0.389704162452329	11.0045165571143
VMH_yi_2stage	COL12A1	0.15029199947525	0.908005963488217	0.530580123697757	-5.88875400908647	0.604148808950158	9.02253894578475
VMH_yi_2stage	BMP8B	-0.0993454731005201	0.922265023218276	-0.437346043204308	-5.89554955316056	0.66863099646373	8.80642359286036
VMH_yi_2stage	PCDH7	0.131012800169891	0.767318567825667	1.01820885195159	-5.89961619209052	0.326108884117294	12.9576729383951
VMH_yi_2stage	PTCHD4	0.05203375689924	0.952850846445593	0.330007452046698	-5.89964798223453	0.746353452243966	8.79354057024007
VMH_yi_2stage	APOE	0.212665654178791	0.715883068597522	1.12999855643782	-5.90072533865126	0.277746982898492	15.3994053008359
VMH_yi_2stage	RSPO2	-0.119768020224628	0.922265023218276	-0.429016351459698	-5.90141177514792	0.674537027671282	8.99938007758823
VMH_yi_2stage	LYVE1	-0.0768742018730944	0.952850846445593	-0.3236097493166	-5.90272824382428	0.751088451170019	8.81913284888118
VMH_yi_2stage	BRINP3	-0.180143133653729	0.794695753019644	-0.894321214833212	-5.90446537361422	0.38649137715163	11.4729091199822
VMH_yi_2stage	PROKR1	0.0165366693949771	0.995033091657449	0.0431429975012871	-5.90874428433502	0.966205943949403	8.78760605716017
VMH_yi_2stage	TRIL	0.147027562433363	0.791564089966465	0.945318698756362	-5.92176851943814	0.360764523020509	12.2136316119563
VMH_yi_2stage	ANGPT1	0.00327334580747696	0.995033091657449	0.0172660499090313	-5.92664524323874	0.986471665775928	8.55699920083147
VMH_yi_2stage	FBLN1	-0.114259641762718	0.885579618238078	-0.602665419527798	-5.93164880199981	0.556511781952891	9.75053520731486
VMH_yi_2stage	DCN	-0.173439078838747	0.828094802312663	-0.802785787792921	-5.93419539637132	0.435715319070762	10.9635700930293
VMH_yi_2stage	HTR2A	0.0625202710851749	0.952850846445593	0.381973829899848	-5.93638304544227	0.708301806736735	9.04471184637556
VMH_yi_2stage	IFITM3	-0.347048260174311	0.794695753019644	-0.911539600948076	-5.93788627417207	0.377668833325354	12.0753016983495
VMH_yi_2stage	CX3CR1	-0.63178510612798	0.882446442018121	-0.6336156648007	-5.93910790664857	0.536698723759581	10.2289946459945
VMH_yi_2stage	CEMIP	0.0357949373307473	0.957432079035076	0.166781065252701	-5.94245354567994	0.869962851782271	8.53324441070078
VMH_yi_2stage	ELK1	0.10156097605921	0.816252184344145	0.861551146895517	-5.95597833730887	0.403665697722104	11.5451849876653
VMH_yi_2stage	PSEN2	0.0665564424174239	0.918739657168398	0.481656663736584	-5.96630198486083	0.637603002667275	9.66458347013039
VMH_yi_2stage	PSENEN	-0.0865591239436689	0.882446442018121	-0.620238368240491	-5.96937480081826	0.545213744846635	10.2047337864355
VMH_yi_2stage	GLRA2	-0.183679582746329	0.859846161274459	-0.707556964428462	-5.97029531286113	0.491005048378038	10.8339754870345
VMH_yi_2stage	RXRG	-0.147480581756609	0.825151107103151	-0.837443654369718	-5.9706649884346	0.416619835944287	11.632533410546
VMH_yi_2stage	VWC2L	-0.0591768056973621	0.952850846445593	-0.373576679789235	-5.97726763304144	0.714399127732007	9.191476927312
VMH_yi_2stage	DYDC2	-0.063970527662498	0.957432079035076	-0.240594338664831	-5.98351623177627	0.813409160726616	9.30817403122026
VMH_yi_2stage	PCDH19	0.0972520088347757	0.794695753019644	0.895238332489769	-5.98691939069051	0.38601795303804	12.4353202569648
VMH_yi_2stage	AR	-0.0703503800416048	0.918739657168398	-0.466629661987832	-5.98767792457483	0.648050419453118	9.73813287904219
VMH_yi_2stage	KIT	0.00367699485767581	0.995033091657449	0.0201871899305562	-5.9908091365547	0.984183196885922	9.14447572860444
VMH_yi_2stage	CSPG4	-0.0377353382961552	0.957432079035076	-0.16599612094423	-5.9923654994437	0.87056885107044	9.12627737826403
VMH_yi_2stage	ABCC9	-0.0354161327312355	0.957432079035076	-0.200045228848501	-5.99596838109807	0.844364883585289	9.22115447769177
VMH_yi_2stage	HCRT	0.126876859185858	0.952850846445593	0.285747006369421	-6.00262305125763	0.779318740142594	9.44374645112371
VMH_yi_2stage	LAMP5	-0.113888933765599	0.825151107103151	-0.827555570688786	-6.01242565948763	0.422011261759064	11.8627311219262
VMH_yi_2stage	GPER1	-0.0376888453661124	0.9638548749184	-0.132943799958979	-6.02632170423013	0.896158065174728	9.25148979560772
VMH_yi_2stage	SLC24A3	0.118345417442001	0.828094802312663	0.80107378634937	-6.03101035353217	0.436672942203125	12.1827486805156
VMH_yi_2stage	LYPD6	0.0186710670510664	0.977823024321323	0.0932299067310818	-6.03843844307342	0.927061719780052	9.38319363458863
VMH_yi_2stage	MEIS2	-0.0142968002700972	0.990957732085773	-0.0571976232125054	-6.04008286222175	0.955208195349426	9.22438940573262
VMH_yi_2stage	RFTN1	-0.119335560846414	0.914082106710818	-0.510465831813568	-6.04092644100092	0.617797313697863	10.3925992731203
VMH_yi_2stage	NTNG1	-0.11627703800127	0.863609424173155	-0.690029632166212	-6.04512688981187	0.501622756780215	11.2558638511329
VMH_yi_2stage	HTR2C	-0.0787588684127005	0.952850846445593	-0.358950414339463	-6.04594694558397	0.725067869486392	9.94537573792678
VMH_yi_2stage	NRGN	-0.111541012393156	0.791564089966465	-0.93935034280974	-6.04656429523719	0.363712387051408	13.8054013257998
VMH_yi_2stage	GABRQ	-0.278827400885612	0.859846161274459	-0.718555820930337	-6.04980551434647	0.484411217810966	11.7855691109991
VMH_yi_2stage	KCNH5	-0.0469284886711812	0.952850846445593	-0.318403658731329	-6.05821064509213	0.75494924408323	9.8373012998884
VMH_yi_2stage	UNC5B	-0.0144837851881743	0.995033091657449	-0.0400373986566235	-6.06446112494963	0.968637122333197	9.74455167266242
VMH_yi_2stage	TLL2	-0.0171099070465814	0.96913259057829	-0.107199485696058	-6.07297443957885	0.916174525519367	8.94939883278186
VMH_yi_2stage	ELOVL2	-0.0181291561027184	0.968129184332188	-0.115214671183105	-6.08659988752287	0.909935626804024	9.62905506119376
VMH_yi_2stage	CDH6	-0.0997921361243943	0.914082106710818	-0.518750076593079	-6.08695661845261	0.612157868848757	10.6236802495404
VMH_yi_2stage	APP	0.115987082561926	0.791564089966465	0.9369880965922	-6.08790923943504	0.364883751947295	14.953781141753
VMH_yi_2stage	GDF10	0.0511635394906946	0.930587296818993	0.415796383958029	-6.08791808516464	0.683956237279533	10.1104317223813
VMH_yi_2stage	OPALIN	0.189903248799224	0.882446442018121	0.624463800360591	-6.09080680843127	0.542516099520137	11.4537331187083
VMH_yi_2stage	FLT1	-0.188879697827092	0.882446442018121	-0.62247466564917	-6.09616020243908	0.543785102129362	11.1540844377587
VMH_yi_2stage	HHATL	0.0710567156660922	0.952850846445593	0.308586218175129	-6.0993691218686	0.762248252449644	10.219821204135
VMH_yi_2stage	MGST1	-0.133948143375486	0.859846161274459	-0.726826829966323	-6.09985750565532	0.479488062502574	12.2859697702329
VMH_yi_2stage	MYO16	-0.0881215692921131	0.905678961198829	-0.547422188599692	-6.11080551053887	0.592837607704951	11.0629612916727
VMH_yi_2stage	NOTCH1	0.112433530656174	0.882446442018121	0.636466638591963	-6.11441156883957	0.534893651989808	11.5731893851448
VMH_yi_2stage	ADARB1	0.0470033521872733	0.922265023218276	0.430091238240751	-6.12048305675229	0.673773632037737	10.591143201281
VMH_yi_2stage	NCSTN	-0.0300988820629691	0.957432079035076	-0.168560971188551	-6.12830575463751	0.868589029038656	10.0331150013141
VMH_yi_2stage	RORB	0.0735851978936779	0.922265023218276	0.448740436741029	-6.13968292190131	0.660588844505921	10.7542947065908
VMH_yi_2stage	SOX11	-0.0656312533054724	0.918739657168398	-0.474281849765176	-6.14361719129423	0.64272047342842	11.036638266745
VMH_yi_2stage	CD83	-0.083833234594497	0.914082106710818	-0.508150399689424	-6.14622156326323	0.619378039519898	11.0646756811684
VMH_yi_2stage	CLDN11	0.104681791995972	0.952850846445593	0.349764334043649	-6.14864877174086	0.731799055562591	10.6282041203597
VMH_yi_2stage	DDR2	-0.0295923462037866	0.964100302092301	-0.123471923310107	-6.14870148898495	0.903514763982675	10.190628673236
VMH_yi_2stage	GABRE	-0.111252123428885	0.952850846445593	-0.297560460558397	-6.15164762487346	0.770473705139316	10.9959238828323
VMH_yi_2stage	PAX6	-0.00315819623776115	0.995033091657449	-0.0184254327784067	-6.15357911251839	0.985563370282941	10.1006548946012
VMH_yi_2stage	MYRF	0.0684289108235934	0.957432079035076	0.246108429528965	-6.15492844649484	0.809223292753717	10.5705868336675
VMH_yi_2stage	TENM1	0.035829797455861	0.952850846445593	0.311195145370896	-6.15523831301929	0.760306254920185	10.6051774020295
VMH_yi_2stage	PCSK1	-0.0946731078745202	0.918739657168398	-0.463628423458317	-6.15604850488674	0.650146369416981	10.9240884804389
VMH_yi_2stage	TMEM132C	-0.0500949141520231	0.952850846445593	-0.333905038894077	-6.17139658063273	0.743474009354354	10.7311568403879
VMH_yi_2stage	EFHD1	0.132645945092618	0.882446442018121	0.633666402226845	-6.17152051752834	0.536666570002879	12.373508517972
VMH_yi_2stage	BTBD11	-0.0698885449278617	0.908005963488217	-0.528819711865142	-6.181459935931	0.605337308992145	11.5076092517045
VMH_yi_2stage	MAN1A1	0.024830995788081	0.960812896611624	0.151134779112664	-6.18405711361115	0.882057741151655	10.3904889954416
VMH_yi_2stage	PTPRZ1	0.148384077577177	0.850591044624768	0.755806410887694	-6.18473855232562	0.462479830274122	13.6924340762322
VMH_yi_2stage	PROX1	-0.0268677351894588	0.957432079035076	-0.217244057373079	-6.18508587492043	0.83119913701095	10.5000051091758
VMH_yi_2stage	SEMA5A	0.0677192586485003	0.905678961198829	0.549165233488485	-6.19072269908297	0.591673155306598	11.791625430844
VMH_yi_2stage	FABP6	-0.0598031518637789	0.952850846445593	-0.322627124493864	-6.20228232249199	0.751816630821695	10.9699996673146
VMH_yi_2stage	CHODL	-0.0325074466486068	0.9638548749184	-0.135840318457214	-6.20490052475344	0.893910320090236	10.6541469594199
VMH_yi_2stage	SST	-0.108064868491059	0.957432079035076	-0.197957525851372	-6.20598909356724	0.845966407530414	11.1481196196404
VMH_yi_2stage	PLD5	0.0293753678598456	0.957432079035076	0.175285422501767	-6.21159834026578	0.863402771001541	10.6421168437521
VMH_yi_2stage	NECAB2	0.0672739122927339	0.918739657168398	0.492141222161048	-6.21392438763948	0.63036063767513	11.8704394042661
VMH_yi_2stage	CDH4	0.00663570533754054	0.995033091657449	0.0353379545756685	-6.21894813500414	0.972316630398109	10.655742098622
VMH_yi_2stage	ACVR1C	0.0733549196538448	0.952850846445593	0.319205476560285	-6.21955952313302	0.754354175998036	10.7897119144399
VMH_yi_2stage	RNF152	-0.02796715204728	0.957432079035076	-0.179440369174997	-6.22183236607229	0.860201505287604	10.779208006607
VMH_yi_2stage	RAB3B	0.0627937625696955	0.905678961198829	0.55967924769199	-6.22197995724607	0.584674082883793	12.421061352623
VMH_yi_2stage	CNDP1	0.0825614043264746	0.953849656914922	0.278913059414597	-6.22353215545654	0.784450127681398	11.1616851570143
VMH_yi_2stage	SSTR1	0.0133730520724988	0.982507006910542	0.0840980562687149	-6.22738937518466	0.934186990177236	10.7614339338952
VMH_yi_2stage	DOC2A	-0.0599590940668886	0.922265023218276	-0.447056714462349	-6.23449672374189	0.661774504638767	11.7071168459436
VMH_yi_2stage	PSEN1	-0.0205501302450699	0.960920889914846	-0.147615755742574	-6.24191039457549	0.884782349457112	10.9142671863802
VMH_yi_2stage	SOX4	0.0439997946281867	0.955060770829881	0.267393980929975	-6.24302227167964	0.793122940498782	11.1069976061062
VMH_yi_2stage	TSHZ2	-0.00869980146344673	0.990957732085773	-0.0535106550601981	-6.24445665925032	0.958092426592772	10.8562315153244
VMH_yi_2stage	MAL	-0.0603286886466723	0.956032792017781	-0.25332202918431	-6.24798832103847	0.803756461134175	11.1648943688798
VMH_yi_2stage	B4GALNT1	-0.00928553855339054	0.990957732085773	-0.0623899946694336	-6.25001167510877	0.951147436901984	10.8277741058016
VMH_yi_2stage	KRT18	-0.0609762967222931	0.952850846445593	-0.368786755321595	-6.25415137464304	0.717886313386867	11.6036730958659
VMH_yi_2stage	RRAGB	0.0219262455538427	0.957432079035076	0.172383934360676	-6.25743272369567	0.865639766790525	11.0889432570313
VMH_yi_2stage	GAD1	0.0365480832373297	0.9638548749184	0.127157252281408	-6.27761767423704	0.900651276563095	11.521875432225
VMH_yi_2stage	CELF2	0.220257046476124	0.882446442018121	0.609454693499851	-6.28024033175924	0.552131790224453	13.8653111449992
VMH_yi_2stage	FOS	-0.22271572665327	0.952850846445593	-0.295700613889552	-6.2955333740243	0.771864056435671	11.9351372000249
VMH_yi_2stage	SNCG	0.0352190731012136	0.957432079035076	0.230839101441912	-6.30484575452835	0.820829035077374	11.6076682446266
VMH_yi_2stage	NR2F2	-0.031273636964178	0.957432079035076	-0.184970839184056	-6.32728988944994	0.855944408927991	11.7440088848468
VMH_yi_2stage	STAT3	-0.0128063003502064	0.982811864276824	-0.0768489724094223	-6.35692518930285	0.939847411193684	12.0758436072657
VMH_yi_2stage	HS3ST4	-0.0497449269554924	0.952850846445593	-0.305484080485387	-6.36427422174698	0.764559546485558	12.7222111086813
VMH_yi_2stage	GABRA5	0.0323024666159029	0.952850846445593	0.28347268001575	-6.37140062438394	0.781025283971798	12.7696422853701
VMH_yi_2stage	AQP4	0.0999148681583613	0.905678961198829	0.554343778945966	-6.37349746931763	0.588220501178393	14.8533886746871
VMH_yi_2stage	RBFOX1	-0.0214199697800339	0.957432079035076	-0.165780584982643	-6.37453088988798	0.870735265758359	12.4882369573523
VMH_yi_2stage	PEG10	0.0868311463712654	0.914082106710818	0.509632749366571	-6.40185669744181	0.618365825960324	15.1858330580243
VMH_yi_2stage	SHANK3	0.00969649972369702	0.982811864276824	0.0781430535530182	-6.41058441863829	0.938836675526739	12.9027644351991
VMH_yi_2stage	FEZF1	-0.04723747815774	0.952850846445593	-0.314735702444486	-6.44647214384368	0.75767347041318	13.83142215481
VMH_yi_2stage	SNCA	0.0297057187569667	0.957432079035076	0.184184223017901	-6.45034396161824	0.856549628193536	13.4841817777862
VMH_yi_2stage	VSNL1	0.0629137599959879	0.952850846445593	0.367165651792118	-6.45751803755032	0.719068004256115	14.6833577643183
VMH_yi_2stage	DLG4	-0.0419799856568339	0.952850846445593	-0.339795840803522	-6.46842284630603	0.739129601631344	14.7486173050847
VMH_yi_2stage	PTPRN	0.00145026995672559	0.997061015424817	0.0107043932796335	-6.47292896674898	0.991612594575501	13.6574685814753
VMH_yi_2stage	DNER	0.00693671541831797	0.990957732085773	0.0530314868926767	-6.47565970184399	0.958467314640338	13.8109958571821
VMH_yi_2stage	CHGB	0.00291323254956843	0.995033091657449	0.0205023870070698	-6.50530756111273	0.983936274617357	14.1918858422058
VMH_yi_2stage	PTGDS	-0.031000122706816	0.957432079035076	-0.188869396891977	-6.521702967279	0.852946272430048	15.2946869137888
VMH_yi_2stage	ZCCHC12	0.029294314464984	0.9638548749184	0.133448452239853	-6.52224791998061	0.895766379599556	14.9346747934046
