domain	gene_name	logFC_MvF	adj.P.Val	t	B	P.Value	AveExpr
ARC	DCC	0.728189452768008	0.0390514142379067	4.80791279750781	0.68364303821892	0.000259600252615726	10.9339588610411
ARC	LYPD6B	2.08456098803989	0.0390514142379067	4.86882180077391	0.564775261861139	0.000231165296167814	7.66065032109392
ARC	CRH	1.73201519056277	0.0390514142379067	4.69708780922008	0.444675720080631	0.000320970527982795	9.15793378264336
ARC	RDH10	-1.68698761801724	0.0427417341647637	-4.5014593709575	0.123659230672674	0.000468402566189191	11.27531335027
ARC	CYP26A1	-1.95974278271042	0.0461037156669993	-4.31669542787453	-0.214119632640009	0.000671837818756739	8.37107976251654
ARC	RXRG	0.593473894887019	0.0461037156669993	4.16305422964778	-0.510112439238618	0.000909072434678629	11.6097384784568
ARC	HRH1	-0.824892602600787	0.0461037156669993	-4.11505562404707	-0.54437435703935	0.000999563789521965	9.3348743800374
ARC	GLRA2	0.752542034968194	0.0461037156669993	4.10956148366298	-0.646782991165003	0.00101049239818081	12.481085221626
ARC	TAC3	1.31618554672688	0.0833465746355768	3.73887242989722	-1.2437804934231	0.00211487036350244	10.1361552607127
ARC	FGFR2	-0.510605701366618	0.0833465746355768	-3.70060041561767	-1.38081228416495	0.00228346779823498	11.601555934441
ARC	TGFB2	-0.682754290599473	0.0860539636909444	-3.63715924151359	-1.47408966286945	0.00259340712493257	10.8479209097947
ARC	ESR1	0.666773109081994	0.0875049520548628	3.58550680328752	-1.56349590451961	0.00287687513605028	10.8327664003953
ARC	HRH3	0.664128810034773	0.116004966016117	3.40550812162962	-1.87067991666275	0.00413168372112198	10.4587759550376
ARC	AGRP	-1.18739585149082	0.12779269888087	-3.25591278367722	-2.07427309922732	0.00558282440807503	8.97243956799848
ARC	HLA-DQA1	0.865269792904842	0.12779269888087	3.22407633882066	-2.10111992759702	0.00595198871499944	8.10783082869256
ARC	ADAMTS12	-0.982298166585339	0.131073591118219	-3.18303682905301	-2.17647588960085	0.00646390312363818	6.48346888185176
ARC	BTBD11	0.595879007354839	0.12779269888087	3.22860665493837	-2.21820489720335	0.00589801027429254	10.7144258644811
ARC	PCLO	0.428123375589765	0.12779269888087	3.24462247983738	-2.30256601959382	0.00571105857720562	12.6312826609236
ARC	CDH12	0.773920277454934	0.140587369464209	3.09569343718904	-2.35795285570353	0.00770341750488818	9.27769110077718
ARC	SST	0.931347513604953	0.134520896639816	3.14320886943872	-2.42169075882292	0.00700245763330548	11.4794722709044
ARC	NPNT	-0.620124143889122	0.184087058803657	-2.87724620415184	-2.7864306907708	0.0119263564182418	9.52752637447272
ARC	SSTR2	0.499624645642458	0.184087058803657	2.87824092040091	-2.79739201379247	0.0119027308980555	9.87613249522402
ARC	TRH	0.844600995282946	0.184087058803657	2.84931950977308	-2.86438973804021	0.0126087026577848	10.2324660509358
ARC	CTSH	-0.51121354615718	0.184087058803657	-2.86675001291603	-2.87413249759254	0.0121784669704165	10.4727672370675
ARC	ALKAL2	-1.0829130449072	0.189912795407532	-2.74672342753463	-2.94322427496587	0.0154585351754521	8.27278564000282
ARC	FCGR1A	-1.30699510412	0.189912795407532	-2.7500766411207	-2.94926274214416	0.0153561814141954	8.37117059501037
ARC	MYT1L	0.337762531670149	0.184087058803657	2.90268060119937	-2.95543847825694	0.0113364546049183	12.7824718241281
ARC	CXCR4	1.16561007261221	0.189912795407532	2.74182427025806	-2.9688095921124	0.0156092708554136	9.00179057591386
ARC	CHODL	0.518852292415362	0.189912795407532	2.78849360248233	-2.9850262138561	0.0142295930668327	10.1979249626412
ARC	DCN	-0.746007616608647	0.189912795407532	-2.80931552557771	-3.08241354030528	0.013653066978084	11.8024945957496
ARC	TPH2	-0.560403195411625	0.195626362636556	-2.62453369797016	-3.08432687679388	0.0196747739853213	6.92028285937167
ARC	HS3ST2	0.895335700010966	0.195626362636556	2.61519851949808	-3.11908247924351	0.0200390912199961	7.8726574374235
ARC	PECAM1	-0.695358350163915	0.195626362636556	-2.65889611593874	-3.20538335597292	0.0183880358017464	10.0029614586822
ARC	TRPC5	0.661507538331325	0.195626362636556	2.6339615904635	-3.20545204673608	0.0193133292490852	9.54214369517916
ARC	LYPD6	0.577207374853156	0.195626362636556	2.61055140537261	-3.25075341908633	0.0202228679355521	9.57963406012088
ARC	ZBBX	-0.887946144819336	0.195626362636556	-2.59760042968482	-3.2571725557708	0.0207436459319659	9.08048331609005
ARC	SNTB2	-0.477189973159529	0.195626362636556	-2.59371123157213	-3.33224607174086	0.0209025428570566	10.1120960909784
ARC	NES	-0.726150684347227	0.195626362636556	-2.6361371709329	-3.34805831548293	0.0192308371909816	11.1207729869038
ARC	CEMIP	-0.554866791526194	0.213769845054591	-2.51781504864627	-3.36798690691987	0.0242480466956451	9.03448215577515
ARC	CCK	-0.79872418478856	0.213769845054591	-2.48610861558708	-3.39067324157154	0.0257927143990194	8.68255167336235
ARC	OXT	1.14762425857539	0.213769845054591	2.45656248061999	-3.39821501015294	0.0273164474408765	8.10289119991415
ARC	NRP1	-0.394007602007584	0.195626362636556	-2.60056683912536	-3.41475117594372	0.0206232332437706	11.2413406399132
ARC	C1QL3	-0.773494529297306	0.213769845054591	-2.45064175117455	-3.51316769354438	0.0276319467507676	9.32979818835181
ARC	THSD7B	0.546317602538753	0.224561586796706	2.40562856261319	-3.51435907790177	0.0301466239809276	8.71161649430944
ARC	PLD5	-0.422382148832144	0.213769845054591	-2.49475205743045	-3.61515764602217	0.0253625385836931	11.3439969657696
ARC	TSHZ2	-0.371560072877857	0.213769845054591	-2.50325640824479	-3.61571775236355	0.0249459872923151	11.6734430336882
ARC	RNF152	0.378136664441378	0.213769845054591	2.44175178619636	-3.63770279471799	0.0281121988016997	10.6207220156672
ARC	CRYM	-1.92433003222035	0.213769845054591	-2.46809953790893	-3.63832156183908	0.0267115126332645	10.7003890179287
ARC	FCGR3A	-0.630986567040692	0.228720622678392	-2.31313388225525	-3.68539676112907	0.0360113922027043	8.91145657045109
ARC	KCNH5	0.528666368704464	0.228530500117858	2.3406059157384	-3.70183769932474	0.0341655053465072	9.55234666467722
ARC	PROKR1	0.538542544747504	0.228530500117858	2.35538154181133	-3.71550067838736	0.0332100353582674	9.7549441320268
ARC	PLCE1	0.450447967290565	0.228530500117858	2.34543392258612	-3.73029421943811	0.0338504790343455	9.71016026804091
ARC	CALCRL	-1.06686048166078	0.228720622678392	-2.30831609461516	-3.77575532637394	0.036344646891361	9.23573306892185
ARC	PCDH7	0.299205567854983	0.213769845054591	2.46089647943227	-3.78770322162766	0.0270876814028383	13.0687835493614
ARC	PDGFRA	0.555809601763601	0.225288646301975	2.3934842851365	-3.78950711936763	0.0308614583975309	11.50049060857
ARC	GPR183	1.10728919855144	0.267054865853884	2.17181827739224	-3.82815946784444	0.0470815123827837	7.84220013213319
ARC	SLC10A4	0.438563180284453	0.234026396779608	2.287351289196	-3.83095165690785	0.0378289244109503	9.96258268092656
ARC	SOX11	0.301116193775304	0.228530500117858	2.35400010818985	-3.86063946898225	0.0332982840024705	11.4530924937082
ARC	CNTN2	0.358666212305204	0.228530500117858	2.33649227623907	-3.87901598308373	0.0344361027574855	11.4301241214471
ARC	FABP6	0.466204502214492	0.228720622678392	2.31303032857219	-3.8840468126881	0.0360185248074455	11.014922449616
ARC	IL18R1	-0.948316410069343	0.271171534457439	-2.06422051321634	-3.92456759634747	0.0575524805716412	6.25606936354609
ARC	CAV1	-0.717592404210539	0.267054865853884	-2.15833884101763	-3.98327122592122	0.0482889012418156	9.27997957192052
ARC	GPR34	-1.01534603546602	0.270405586888939	-2.14366322370596	-4.00193580052547	0.0496360940316682	8.92595710724962
ARC	GAL	0.677409021447213	0.23953166997232	2.26631967144998	-4.05013035356865	0.0393750690365457	12.3139868944108
ARC	OLIG2	0.684603645006821	0.259568008623613	2.21524767804474	-4.0652802578069	0.0433798589754531	11.0748573631027
ARC	SDK1	-0.437439828168507	0.27230272612391	-2.02462630436778	-4.06915851603171	0.0619177440248466	7.80133922797763
ARC	PHLDB2	-0.485522512968108	0.271171534457439	-2.1227137822432	-4.07758514081209	0.0516196692892476	9.48818632392114
ARC	LAMA2	-0.782637232232485	0.271171534457439	-2.09301191662696	-4.08464978994758	0.0545578465490896	9.03704278446283
ARC	ADAMTS3	-0.671758252285739	0.289864414343369	-1.9775372934138	-4.09271777938951	0.0675026718333872	7.04419898314887
ARC	IGFBP4	-0.63688189644143	0.271171534457439	-2.09958663218718	-4.11241676996244	0.0538944588211525	9.57436030022695
ARC	RELN	-0.449196943880656	0.267054865853884	-2.1583336356924	-4.13518647788635	0.0482893730037161	10.6981935880431
ARC	RGS16	-0.536063705630905	0.267054865853884	-2.16023633016097	-4.13531700762781	0.0481172155193902	10.8570998844199
ARC	MGST1	-0.40010027173493	0.267054865853884	-2.17415970518891	-4.23488236606534	0.0468746677573244	12.4678870208163
ARC	KLRB1	0.885199423993755	0.319260659933927	1.88055457829453	-4.24066155226094	0.0804711800381405	7.54921657231609
ARC	SYNPR	0.469292266244295	0.27230272612391	2.03114602022997	-4.25967598303501	0.0611786861337098	10.1346538291094
ARC	GABRA5	0.454136356327098	0.271171534457439	2.06801438579464	-4.28573261396639	0.0571494023148528	10.9780554505165
ARC	ADARB1	0.279945794103606	0.271171534457439	2.06109788661753	-4.28696598553827	0.0578862018431489	10.6808085161733
ARC	SOX10	0.405109232529757	0.271171534457439	2.06812344366897	-4.29512048425659	0.057137853993304	10.9737315941911
ARC	C2orf80	0.328308597737511	0.271171534457439	2.07905090204868	-4.33603039726659	0.0559915530648981	11.6771854312976
ARC	ITGAX	0.378214404214628	0.292715756315946	1.96576630712808	-4.34802134593025	0.068968643953894	9.87907779510701
ARC	ACVR1C	-0.340141514558798	0.271171534457439	-2.06004177744447	-4.37778021741418	0.0579994721948369	11.7487321900813
ARC	NOTCH1	-0.424125974936365	0.271171534457439	-2.05362643127722	-4.38096941073837	0.0586919211565416	11.5289620000745
ARC	TAC1	-0.630398118710332	0.272155015836858	-2.04485999421915	-4.38308991928957	0.0596504144299964	11.2642634484757
ARC	HTR2A	0.392819712771075	0.304403850012587	1.93158818022695	-4.41065735206213	0.0733905172633086	9.83740547908792
ARC	VGF	-0.469086857111519	0.27230272612391	-2.0245986701519	-4.42999003480933	0.061920893885711	11.6367295947233
ARC	ANXA1	-0.99851121490507	0.295100206405033	-1.95496724307381	-4.43280890387838	0.0703389533075011	10.411077150091
ARC	WIF1	-0.70911905411003	0.271171534457439	-2.08364370154902	-4.43290038873168	0.0555161146347863	12.6048322467888
ARC	RAB3B	0.421572327371054	0.289278733380438	1.98511712987498	-4.48953067271063	0.0665737359012514	11.9370141150533
ARC	GABRQ	0.305080928770309	0.271171534457439	2.06312541170984	-4.51669472310857	0.0576693143401643	13.5872791203765
ARC	THSD4	-0.457860802011552	0.316347891922394	-1.89172832241813	-4.53552525053524	0.0788702963422955	10.3286380069357
ARC	PCDH19	0.321428428383749	0.306361600603633	1.91563376097788	-4.58267209754416	0.0755412165871973	11.5796086994629
ARC	MEIS2	-0.468980780325644	0.360180780358875	-1.79487865819292	-4.61460085771765	0.0937456825591592	9.63618437889588
ARC	DDR2	-0.358896229942198	0.3635630813144	-1.77194632954502	-4.64757604934851	0.0976141971748253	9.9413376094923
ARC	PLCH1	0.415166557440076	0.362110984532472	1.78004459796489	-4.65770916143414	0.0962322342456157	9.87861786486856
ARC	CD14	-0.503005587075457	0.434940969921947	-1.62309757784532	-4.68272939711253	0.126311624141716	8.55249305507075
ARC	ANK1	0.438170289395934	0.438184538921432	1.60666943437074	-4.69239588882578	0.129887591683338	8.51920750847977
ARC	CSPG4	0.42429906737795	0.42832422260394	1.63764316280345	-4.69791352280726	0.123216557187435	8.89392504892339
ARC	FLT1	-0.337711132493814	0.361199819649012	-1.78734976122776	-4.72833501870151	0.0950005005104252	10.7606198425529
ARC	TRAC	-0.412014772523804	0.477598658985205	-1.43740185880855	-4.78591691017645	0.172037184071246	6.83740523798458
ARC	LINC01615	0.533932838258454	0.480804247657419	1.41693596647496	-4.78793723646959	0.177831708037676	6.60337190537083
ARC	KLK6	0.626752525906082	0.50700458654054	1.35213438942644	-4.80028227787729	0.197245619969196	5.63457179621434
ARC	FBLN1	-0.549114909849118	0.403242226413903	-1.68961973242306	-4.80148409084451	0.112686868751282	9.95982823273847
ARC	MEPE	0.484285332676778	0.507627797613729	1.3208258071912	-4.84330558043058	0.20722340231355	5.77874339825193
ARC	PTPRZ1	-0.319165091321789	0.322199631622958	-1.8694249673919	-4.84755063515516	0.0820947006600962	13.6646448125435
ARC	SLC24A3	0.321244923871566	0.375100892084681	1.74835947330809	-4.84852216884639	0.101739694017489	11.7448460227353
ARC	VSNL1	0.576976912782165	0.352250762988401	1.81342828217946	-4.85347333307964	0.0907166348518074	13.099501810095
ARC	PTCHD4	0.351946112873497	0.474597763462948	1.46457987180159	-4.85925622759076	0.164584821540486	8.4246212349322
ARC	SLC6A3	0.515996585390434	0.507627797613729	1.32617446671537	-4.86335918723812	0.205490634496405	6.49604292777202
ARC	PTGDS	-0.270638681790945	0.306361600603633	-1.92070195639813	-4.86885305201594	0.0748519183792316	15.1572441634714
ARC	CUX2	-0.40240596497947	0.497569776769584	-1.37753966047004	-4.86954274290637	0.189438271318759	7.2030892043317
ARC	P2RY13	-0.632902644534168	0.464865789085107	-1.50156884551424	-4.87731020467995	0.154876395979863	8.61539115443054
ARC	RASGRP1	0.345778245522904	0.438184538921432	1.58623510032734	-4.88155449769594	0.134456625641645	9.64019312868946
ARC	TRPC6	-0.47642360022135	0.421923429698275	-1.65203321372222	-4.88252031339313	0.120219278598961	10.1020051663132
ARC	FILIP1	-0.392157710916804	0.45923798594917	-1.52707449257017	-4.89320547066685	0.148465979019184	8.91229455092404
ARC	AVP	1.26087547167307	0.515832121744038	1.29935920841142	-4.90757989046834	0.214296063212789	6.12754808576145
ARC	LRRK1	-0.37292615575456	0.50700458654054	-1.35807770089225	-4.91549516273947	0.195396164020854	7.44757201730223
ARC	COL12A1	0.360860453681548	0.480804247657419	1.41800118054931	-4.93024952951394	0.177526192317025	8.52317573675559
ARC	RBFOX1	0.334134502035107	0.438184538921432	1.59585555823982	-4.93183787014138	0.132288660072323	10.3487654096727
ARC	GAD2	0.384015307117801	0.421533957180596	1.65820413226479	-4.96542142531255	0.118953418053702	11.5771655489688
ARC	OLIG1	0.380687032992054	0.38521028715103	1.72738183411715	-4.97420589265004	0.105537064972885	12.7369947562044
ARC	CDH13	0.34371367883192	0.438184538921432	1.60888056757594	-5.00270650841381	0.129401275338403	11.2056933793259
ARC	MC4R	0.412000956558774	0.507627797613729	1.33114427788631	-5.01707588910174	0.203891062370167	8.18836586587035
ARC	ADAMTS16	-0.432845257691696	0.606517163020081	-1.10863640145097	-5.02316751124242	0.285810827505353	5.01349028779061
ARC	MYO5B	-0.3737914463391	0.507627797613729	-1.32341669928731	-5.03531821351751	0.206382588781909	8.18587894570319
ARC	VWC2L	0.302462233642228	0.463656844870133	1.51622535959533	-5.03834841717161	0.15116483435492	10.131743417681
ARC	TENM1	0.302170481364312	0.453977224780162	1.55314418242082	-5.05949641419603	0.142146974670705	10.9692511962086
ARC	SNCG	0.394676770031952	0.453977224780162	1.53910294932407	-5.06586060742406	0.145521466573367	10.7067273881467
ARC	ERBB3	0.325794518369776	0.477598658985205	1.4349586668389	-5.07168583373337	0.172720610920677	9.58928373577793
ARC	GSX1	0.384365940217522	0.507627797613729	1.34104337367465	-5.07460856914986	0.200734855702708	9.08476136666097
ARC	FSTL4	-0.272331132099808	0.477598658985205	-1.43577634660421	-5.08815390143027	0.172491634046299	9.69569698753677
ARC	ADRA1A	0.215990227284651	0.474406465781726	1.47248642055425	-5.09241293161018	0.162467967733468	10.1470492705417
ARC	HS3ST4	0.364794595888403	0.474597763462948	1.45923445649264	-5.09714533554269	0.166028957335146	10.0993465005633
ARC	VCAN	0.265812208345654	0.464865789085107	1.49880851810892	-5.11876422967738	0.155583917190066	10.7260509018125
ARC	MOBP	0.517358319224233	0.453977224780162	1.53936479276194	-5.12146412297093	0.145457922444113	11.3338519422418
ARC	NR4A2	0.792126024274181	0.533839934690182	1.26724009663229	-5.12656731180446	0.225236575184351	8.62774507577522
ARC	STXBP2	-0.311105877738608	0.541538588892797	-1.24953918831335	-5.13212858524453	0.231452109225415	8.57805697309376
ARC	CD163	-0.539186941739506	0.612314959505644	-1.09446584127924	-5.15471460498002	0.291770343730796	7.21522390389114
ARC	GDF10	0.272620281147884	0.553324849268732	1.2081550258016	-5.16885044277367	0.24650916286235	8.46358960984054
ARC	SLC17A6	0.398489185205907	0.464865789085107	1.49465596447054	-5.17525610798538	0.156653402897173	11.3961804528957
ARC	NPY2R	-0.44428155832531	0.48103397219859	-1.41206397808661	-5.18452502160177	0.179234575942488	9.97657946998869
ARC	CD86	0.259609928386753	0.603081358235823	1.12051146954782	-5.18477700428937	0.280887207945452	7.75918736122184
ARC	CCNB2	-0.320609941385921	0.650112801028724	-0.9740612554329	-5.20053695839933	0.346150571340545	5.98781599037074
ARC	PEG10	0.301969199283214	0.393657679331604	1.70919195057069	-5.2038928613237	0.10892993318491	15.455210039918
ARC	RORB	0.232949339798825	0.474597763462948	1.45774111275908	-5.20813953993386	0.166434284173308	11.1313749222913
ARC	SLIT3	0.25180809042338	0.507076215009324	1.34761089850871	-5.21615484247736	0.198662736291324	9.81415642397888
ARC	CCL4	-0.295506823100272	0.650112801028724	-0.970964114949371	-5.21711163371848	0.347638566221863	6.12406256901039
ARC	AIF1	-0.439712805185533	0.51434404539826	-1.30815752327719	-5.22401675867555	0.211374265232161	9.65067601693603
ARC	MS4A6A	-0.335205082634733	0.567813574905839	-1.18129179496749	-5.23124197533152	0.256682848930037	8.608086278466
ARC	SSTR1	0.276674180725685	0.466111192573584	1.48811662585301	-5.23681543372449	0.158350103778423	11.8175746857927
ARC	ADRA1B	0.341731860657223	0.644750108503488	1.01469141162931	-5.24282910462832	0.32704612110435	7.25528919750432
ARC	POMC	0.45464693596443	0.453977224780162	1.54654771718442	-5.24390637900458	0.1437239202474	12.7452300719193
ARC	IDO1	0.427579275540388	0.67018320557641	0.921959062915016	-5.28660183061373	0.371781719677419	6.77243852043169
ARC	SLC26A4	-0.333462943778906	0.694064212552504	-0.839036726212074	-5.28770947844569	0.415198965724766	5.85697296274238
ARC	TACR1	0.528294074733845	0.638001847622069	1.03424453477263	-5.29073274241598	0.318126948677306	7.79610606138123
ARC	CRHBP	0.429194994715208	0.617247008618761	1.07653789097398	-5.29613688653942	0.299441859918837	8.41834173697121
ARC	MAG	0.516829335490515	0.601475042381218	1.12988534173315	-5.30658415016569	0.277045857945525	8.74655405192777
ARC	SLC17A7	0.471453960982723	0.699905796020019	0.823230138253629	-5.30662374380414	0.423838973505616	6.19575195057484
ARC	FGFR3	0.28646971496484	0.475130127786315	1.45228316054209	-5.30907766655812	0.167922702697081	12.1588845173391
ARC	ANGPT1	-0.338791534095307	0.553324849268732	-1.20887266136358	-5.31019391932343	0.246241725336741	9.13933395991486
ARC	PWP2	0.177099693855814	0.507627797613729	1.32686476048328	-5.31404290430392	0.205267856201108	10.4591348483741
ARC	BRINP3	0.206332308901381	0.480804247657419	1.42059755611123	-5.3173022668075	0.176783333597566	11.7852878299742
ARC	ELOVL2	-0.335102805976193	0.515832121744038	-1.29781471137402	-5.32005250411067	0.214812280835873	10.0756021441746
ARC	ITGAM	-0.282430808834347	0.606517163020081	-1.11160232679713	-5.32444487771006	0.284575088115732	8.8277628191776
ARC	TMEM233	-0.308861530149271	0.687435030489152	-0.886679742861487	-5.33094327298322	0.389860414551382	7.02399514987966
ARC	GJA1	-0.242491624604659	0.438184538921432	-1.59087377942808	-5.34292442522559	0.133407534204835	14.8160088952897
ARC	CTSS	-0.230759966169808	0.583874340247186	-1.15451345314351	-5.34381533409637	0.267142506359672	9.38558245357928
ARC	GABRE	0.237083929187467	0.443189795960361	1.57422058228705	-5.34736903453476	0.137206703954851	14.4951168818751
ARC	ST18	-0.236887090714065	0.551614634349882	-1.23330659058333	-5.35382378385644	0.23726985641899	9.92083168942926
ARC	TREM2	-0.411603838134814	0.68936054641877	-0.871952020003543	-5.36024163846411	0.397580077430797	6.85430786014799
ARC	GAD1	0.23322578647379	0.464865789085107	1.50723532703579	-5.36552315208085	0.153432446973918	13.8320630793921
ARC	ZCCHC12	0.220714744210712	0.438184538921432	1.58887543585396	-5.37603081192465	0.133858620751323	15.3858009294557
ARC	PSEN2	0.227238552180994	0.553324849268732	1.20554414119924	-5.38344674582858	0.247484048612415	9.86022491827424
ARC	PSENEN	-0.231484467706608	0.519926238157433	-1.28851451535569	-5.38422033177182	0.21794168339202	10.6765051987941
ARC	TGFBI	-0.240618966437796	0.654291400782824	-0.955919414255452	-5.39840029379821	0.354930677684929	8.21223617078594
ARC	CAPG	0.388488944939432	0.553324849268732	1.22226990407395	-5.39997770792714	0.241290292021614	10.2906819538394
ARC	CD52	-0.241674776348036	0.752678047666987	-0.650178050482682	-5.41215249121612	0.525843567548169	5.80096112247109
ARC	LY86	-0.378242897692601	0.694064212552504	-0.845018187411777	-5.41576027023311	0.411959695425673	7.33899914667901
ARC	CDK1	-0.252707102500161	0.816587579098077	-0.507359748241263	-5.4266129846087	0.619605200690199	4.99826513516286
ARC	CYP19A1	0.274409989866533	0.785843680515854	0.567475410761157	-5.43102953747275	0.57915602755826	5.40742065959426
ARC	THEMIS	0.323076057680384	0.710657494594818	0.765557151979134	-5.43691244356362	0.456339762944608	7.19276613751141
ARC	NNAT	-0.302567310263017	0.488360890760147	-1.39811144407678	-5.44120771279713	0.183302580915453	12.8793609156948
ARC	MYO16	-0.26384931183763	0.553324849268732	-1.22237106996464	-5.45049910196032	0.241253199674578	10.5773215275022
ARC	SULF1	-0.237143815884281	0.553324849268732	-1.2075227046131	-5.45058994427024	0.24674499337745	10.5007563278747
ARC	CCL5	0.371819709068372	0.733758487704191	0.701719010637012	-5.45347708144872	0.494071735575806	6.49312377493509
ARC	RGS10	-0.415176442622474	0.68936054641877	-0.870816200693789	-5.46220203000209	0.39817963979682	8.08059809737147
ARC	CYP26B1	0.26135165767321	0.626527601255552	1.05361223678787	-5.46275725725225	0.309467591429954	9.41104751662942
ARC	ITGA8	-0.256852932777877	0.694064212552504	-0.841551197827151	-5.46393507097382	0.413835223483424	7.75481794369173
ARC	NKG7	-0.208260000515459	0.844510800381283	-0.440189264954665	-5.46679724706456	0.666353727424135	5.21678747479426
ARC	RYR3	0.245247351738694	0.626527601255552	1.05085659953587	-5.46871240526023	0.310689029663712	9.41820932919644
ARC	VIP	-0.384728838132808	0.68936054641877	-0.859524310824772	-5.47215791216797	0.40417303269484	8.32410249543175
ARC	GAS2L3	-0.145478560768573	0.816587579098077	-0.503936955756436	-5.47428207051445	0.621948895861001	5.59985923611819
ARC	PVALB	-0.155177265381683	0.878029210846395	-0.360018662530016	-5.47874007122418	0.724073404013054	4.62172915716245
ARC	MKI67	-0.16101364329104	0.816587579098077	-0.509364664421306	-5.49257307763713	0.618234353829172	5.76158302752012
ARC	TOP2A	-0.169274562288634	0.903541540546834	-0.320671167950182	-5.49546842981161	0.753078846667802	5.04053606050119
ARC	CAPN3	0.28477249964318	0.710657494594818	0.771896504032643	-5.49657179768375	0.452692885946502	7.79851124530343
ARC	NXPH2	-0.289050604571013	0.783219223490395	-0.573656215483962	-5.4998038037317	0.575076032590208	6.68019827453349
ARC	CD48	0.345908945447011	0.699905796020019	0.823741190875997	-5.50437352302794	0.423557817084268	8.29627023397107
ARC	CX3CR1	-0.996024785626586	0.577246346952979	-1.16622540855337	-5.50531620822212	0.262528475600533	10.0456797119127
ARC	SPON1	-0.197280429651695	0.50700458654054	-1.35323054436649	-5.50818312569481	0.196903452589679	12.8967392698295
ARC	EFHD1	0.22521289804849	0.536926650044078	1.25929497360292	-5.51701007325561	0.228009947278992	11.8663717232832
ARC	CRHR2	0.188124885204449	0.710657494594818	0.758408308196553	-5.5172853759637	0.460474194186286	7.9678356667156
ARC	KLF4	0.418416619700366	0.710657494594818	0.753394548631665	-5.52034484008182	0.463387626612512	7.7187412559427
ARC	CD68	-0.209848183452005	0.694064212552504	-0.849741136678693	-5.5270284616464	0.409413730270639	8.71782816262734
ARC	SFRP2	-0.330539834802564	0.713701062625725	-0.743308422387044	-5.52869664335828	0.469282890493627	7.71801421616672
ARC	ZDHHC23	0.175196838128773	0.760335207418318	0.625262796124867	-5.53920379956174	0.54160864090072	7.02757081201011
ARC	HILPDA	0.322703008083776	0.650112801028724	0.964243709046338	-5.54419872636898	0.350882799459339	9.52258511660908
ARC	MYZAP	0.195240194923586	0.762772687807631	0.616017431973693	-5.54638350532639	0.547524504672875	7.29374573771531
ARC	ITGB2	-0.237993496832639	0.68936054641877	-0.869127164513116	-5.54993101026772	0.399072342181245	8.84820398759364
ARC	ATP2C2	0.182668506141978	0.64982075249428	0.990248875481101	-5.55449347519496	0.33844651809646	9.59236002935349
ARC	GPER1	-0.2205252426045	0.684939206081805	-0.896650333776796	-5.55486422698026	0.384691882867863	8.91548845166962
ARC	ROS1	0.0538557450271471	0.967419932344023	0.0956625977042199	-5.55775256285116	0.92511080073468	5.33251316063513
ARC	CYTIP	0.239486738392904	0.752678047666987	0.657747511032771	-5.55911591200973	0.521105887515732	7.80281283100254
ARC	IL7R	0.176727353128876	0.863238708433967	0.402087681703442	-5.56034331020925	0.693540874357603	6.22682796665888
ARC	CEMIP2	-0.228368589588943	0.648618547062758	-0.995742185156756	-5.56403947835083	0.335860014780442	9.60809073691624
ARC	FASLG	-0.00598174181451849	0.990220059609158	-0.0124727812900456	-5.56437022642043	0.990220059609158	5.26303561659543
ARC	C1orf162	-0.197088443147829	0.726994295793367	-0.721799278370107	-5.56606754719559	0.482007176936972	8.2331778327228
ARC	CXCL14	-0.42720435996044	0.612314959505644	-1.09021571993741	-5.57705307450928	0.293575665516405	10.4370395861399
ARC	THBS1	0.504147318688718	0.650112801028724	0.965678570752412	-5.57745698517145	0.350188350372921	9.85107750883138
ARC	GPNMB	0.300838153220838	0.735107935777644	0.696137733671004	-5.58631619285078	0.497456603115282	8.63697177535528
ARC	RXFP1	-0.355965426957232	0.707156914430008	-0.803550926496207	-5.58768815049418	0.434757284607766	8.15608736321096
ARC	DNER	-0.140000110659761	0.497569776769584	-1.37738351390915	-5.59389477366665	0.189485476632801	14.3673764534088
ARC	NR2F2	-0.241724877981925	0.644750108503488	-1.00380235249232	-5.60389672611281	0.332090466845632	9.86774789837609
ARC	CD3G	0.0138878576991832	0.98345385257444	0.0365933721277947	-5.6050436641997	0.971313093709816	5.78275055893886
ARC	ERMN	0.451374823249021	0.601475042381218	1.12634696088303	-5.60668007549612	0.278491184006646	11.1274565572006
ARC	LBHD2	-0.0385151473322471	0.98345385257444	-0.050970608772119	-5.60803471884671	0.96005120643421	5.96872091527528
ARC	GNLY	0.271356602276148	0.78149118481254	0.578839484755659	-5.61208309808204	0.571666154369721	7.76644722951399
ARC	MOG	0.403999417571935	0.644750108503488	1.00843422919817	-5.61574405347728	0.329937987420132	10.0621042229001
ARC	GZMA	0.014993347524511	0.98345385257444	0.0487120656139315	-5.62451821018891	0.961819833618418	5.99619450855163
ARC	BDNF	0.137772883930231	0.892678041558299	0.34024351000045	-5.62768391215526	0.738599365892072	6.65506828297031
ARC	CDH1	-0.147928206834589	0.823695869527505	-0.492777468718378	-5.63244624707748	0.62961958246075	7.40614773716334
ARC	CD83	0.18280705003238	0.64982075249428	0.986872693910215	-5.6374087902555	0.340043188291527	10.2133479449136
ARC	ARHGAP24	-0.18938429756064	0.644750108503488	-1.0133590040341	-5.64091030913289	0.327660385185037	10.4083461495112
ARC	CD2	-0.0753087688254137	0.933941235284278	-0.227278341892385	-5.64447890243374	0.823411410929726	6.50985433236646
ARC	MT2A	0.301184515828355	0.815084516294755	0.523642572775137	-5.64519727592834	0.608514684304014	7.87707660839163
ARC	P2RY12	-0.723811610680688	0.644750108503488	-1.00735439184245	-5.64578388080352	0.330438902728322	10.0082345144185
ARC	IGFBP3	0.412490306946827	0.612314959505644	1.09123015685002	-5.64727827405274	0.293144011559245	11.0615345768878
ARC	STK32B	-0.146563389627204	0.710657494594818	-0.778390088042024	-5.6539799981425	0.448976237548947	9.1397837887354
ARC	NPFFR2	-0.169821926838314	0.860528835224118	-0.412500355332697	-5.65748249959333	0.686065454932105	7.5044157533947
ARC	CAMK2A	0.234896852656592	0.553324849268732	1.20251941469008	-5.66264440410972	0.248617192548143	12.8978362643736
ARC	HLA-DMB	0.207344203503894	0.710657494594818	0.760355679770697	-5.66378653834422	0.459345665783283	9.01947411421901
ARC	CENPF	-0.0388990802518352	0.960654231071611	-0.117409658245904	-5.66473087269028	0.908161909959547	6.52507082994782
ARC	SPI1	-0.398667529923252	0.658983736513745	-0.943385405931526	-5.66513142773995	0.361086978911641	10.1760739929805
ARC	SORCS1	0.214999423629356	0.68936054641877	0.861501450490858	-5.67520387092651	0.403119328884559	9.57451141292558
ARC	TLL2	0.0537056329322159	0.933941235284278	0.223957698848372	-5.68140095419271	0.825945398680837	6.93901780315525
ARC	NWD2	-0.116769870409794	0.816587579098077	-0.511067494191886	-5.68981261976338	0.617071210714318	8.06772762551996
ARC	TESPA1	0.0993247984058883	0.933941235284278	0.214283601996184	-5.69094937126432	0.833339069611689	7.24737931772632
ARC	OTOGL	0.00826151023020216	0.98345385257444	0.0317898956951977	-5.69229508164251	0.975077258566504	6.78426701304524
ARC	POSTN	0.0154541049431076	0.98345385257444	0.031415505566303	-5.69711946081364	0.975370670224513	6.97570484999786
ARC	SAMD5	-0.240790524836385	0.679794914435787	-0.905897169479484	-5.69935157420702	0.379940171355892	9.88257997514543
ARC	POU6F2	0.0389586257649244	0.960654231071611	0.127559032400927	-5.71158721229955	0.900267140246302	7.17027523206857
ARC	PCNA	-0.162612587652255	0.644750108503488	-1.00447996419958	-5.71434554013644	0.331774947967141	10.9027026700254
ARC	HCRT	0.196632394617344	0.816587579098077	0.506649313465483	-5.71514960075749	0.620091307299792	8.07736140761858
ARC	SNCA	0.164525456213566	0.613193419311796	1.08529349729354	-5.718087971527	0.295676826846236	11.9192451862328
ARC	TRHDE	0.0323360103273593	0.960654231071611	0.11592339496503	-5.72146887082423	0.909318876259243	7.36352245396293
ARC	TMIGD3	-0.129157048674866	0.839828484215987	-0.44868112808559	-5.7345591315252	0.660358287589009	8.46327754473743
ARC	LHX6	-0.015289362750929	0.98345385257444	-0.0389008404760019	-5.73655457317586	0.969505130189823	7.31021293337109
ARC	TRIL	-0.198291640635809	0.617247008618761	-1.07290683998162	-5.74073047034253	0.301013609682574	11.9512058002214
ARC	PSEN1	-0.126793209549017	0.650112801028724	-0.974164007790854	-5.74490895978518	0.346101281923087	10.9596001508073
ARC	ADCYAP1	-0.352365610117756	0.710657494594818	-0.754327332247501	-5.7462935520858	0.462844737994541	9.6862483509585
ARC	ENOX2	0.203159094462725	0.67018320557641	0.920075812281316	-5.75015687682365	0.372732029402771	10.4107356173294
ARC	EYA4	0.0695391493157054	0.960654231071611	0.114991495031366	-5.75056808660706	0.910044412973377	7.60193177483711
ARC	MAL	-0.255633531505589	0.67018320557641	-0.923977899436325	-5.75332465256795	0.37076484069017	10.6182272257182
ARC	RNF144B	-0.107901936244453	0.839631183152085	-0.452168902718099	-5.75582936900255	0.657902790086291	8.59158277568693
ARC	LEPR	-0.16112441883252	0.68936054641877	-0.864701545559028	-5.76449247542201	0.401417724105937	10.2107480260871
ARC	NDST4	-0.0440766870673075	0.945490967518917	-0.178746971939439	-5.76497654439861	0.860633883419881	7.65270309572765
ARC	LOX	-0.109325559228982	0.933941235284278	-0.221873877547242	-5.76562424755071	0.827536593844468	7.83482767421714
ARC	TGFB1	0.129994001772396	0.657790533601816	0.948367703959493	-5.76828479215528	0.358631003251401	11.0337713384468
ARC	NR5A1	-0.0332993305084699	0.967419932344023	-0.0856033762949829	-5.77190751119657	0.932963879959167	7.67922854656768
ARC	BMP8B	0.0664698751633486	0.933941235284278	0.210047937680185	-5.77213574895805	0.836581473026556	7.9839042982279
ARC	CTNNA3	0.103177511970308	0.913201130019938	0.291923405864011	-5.77457682728217	0.774520323049816	8.06319066519937
ARC	LINC02763	0.131998818458531	0.903541540546834	0.314164788846813	-5.77467850894991	0.757913921281458	8.28119384977158
ARC	AR	0.241975693749373	0.686111802923757	0.891742405890315	-5.77477992520379	0.387230223019984	10.3798527254275
ARC	NPY1R	-0.225909161501924	0.626527601255552	-1.0580426710702	-5.7785737468909	0.307511167936476	12.1961480228165
ARC	MYRF	0.278861932271479	0.73060209881609	0.713028329363737	-5.79634441084362	0.487254990610655	9.7597892570099
ARC	ALK	-0.192767181053418	0.68936054641877	-0.864479306364775	-5.82915004903625	0.401535742179471	10.7731699302217
ARC	ANKRD34B	-0.149338560261562	0.710657494594818	-0.789333190876	-5.84440050787214	0.44275641108158	10.2957958458768
ARC	ABCC9	-0.068739471329696	0.869725114741704	-0.385784818571812	-5.85099930759057	0.705311325927519	8.96045137735746
ARC	LYVE1	-0.0431918640670368	0.960654231071611	-0.14350676568921	-5.86355245377957	0.887884443734343	8.74979164662279
ARC	UGT8	0.223478214108081	0.710657494594818	0.772368554199619	-5.86498050442323	0.452422057589436	10.450772449217
ARC	FRMPD2	-0.232612942066174	0.721870342949571	-0.730842582839907	-5.86681583257133	0.476632199043415	10.1421917871467
ARC	DYDC2	-0.181215373758457	0.863238708433967	-0.398120293435221	-5.873450667122	0.696397890377089	9.06277846435963
ARC	KRT8	0.271146923904746	0.650112801028724	0.966597573418275	-5.88360263001313	0.349744075834912	12.4548068712966
ARC	PTPRC	0.051617379931864	0.933941235284278	0.241276192576425	-5.88401926093768	0.812752354474152	8.83551633974817
ARC	KRT18	0.157391064644338	0.710657494594818	0.793947206868703	-5.89191176434678	0.440150324503699	10.9774529564675
ARC	TMEM132C	-0.144711632294777	0.710657494594818	-0.774018517178589	-5.90116165496532	0.451476224426681	10.8738804408724
ARC	RIT2	0.119128060141875	0.707156914430008	0.801476428251517	-5.90193801882956	0.435918645881512	11.0710525269195
ARC	HS6ST2	-0.157422526416658	0.73060209881609	-0.711117987197717	-5.90423465559676	0.488402498934592	10.5265867253552
ARC	PCSK1	-0.18641041519896	0.711872629175488	-0.748692399016687	-5.90512931921345	0.466130296912169	10.7427205062543
ARC	S100A4	-0.342295930178754	0.754442730412547	-0.64209630529424	-5.91139151370246	0.530928690177694	10.1994563029584
ARC	NRGN	0.13844640446403	0.836294395895133	0.45915453138077	-5.9169994109566	0.652996994055104	9.6717287720433
ARC	CCNA1	-0.0994977460915738	0.815084516294755	-0.521985954292441	-5.91737468169963	0.6096385560232	9.59670304533516
ARC	SHISAL2B	-0.161473432514196	0.752678047666987	-0.660313328285143	-5.91865495992371	0.519505494826906	10.0977555830161
ARC	ANO3	-0.0511232888886859	0.903541540546834	-0.310958415487291	-5.92046573314205	0.760300546258396	9.07948782273933
ARC	CORO1A	0.0639522368908825	0.918420283910964	0.281232028027865	-5.94013444767452	0.78254440629126	9.19092014032712
ARC	KLF2	0.0564391557690964	0.960654231071611	0.131319671130465	-5.94116629359127	0.89734462363552	8.6897561889874
ARC	CD4	-0.0881806787997892	0.870019979915947	-0.382167047105532	-5.94140053697726	0.707934065849415	9.48726678626254
ARC	LRRK2	0.0235680655023991	0.960654231071611	0.132003633836216	-5.94689660467746	0.89681325802835	9.04368486834294
ARC	GLRA3	0.136773284462342	0.710657494594818	0.784014780309493	-5.94951802782116	0.445772446745254	11.4164181378577
ARC	CNDP1	0.256866827987324	0.752678047666987	0.65708368982496	-5.95022274755269	0.521520393991289	10.5513062696074
ARC	NCSTN	-0.113138341229307	0.754442730412547	-0.638378336716241	-5.9598492196228	0.533277327250513	10.4268681531824
ARC	TP53	-0.101082510034788	0.749944651666236	-0.673044866811913	-5.96210718111578	0.511606077438062	10.7343191227359
ARC	ANKRD18A	0.05887005372076	0.933941235284278	0.219697481052817	-5.96690820278686	0.829199316303757	9.27969619553524
ARC	OXTR	0.16157659434915	0.78149118481254	0.580902487040321	-5.96736608060075	0.570311949822168	10.3184324827566
ARC	FEZF1	0.0661434386947732	0.933941235284278	0.206406499982591	-5.96933130334651	0.839371458106879	9.28687262126712
ARC	UNC5B	0.201718513353297	0.852843840308287	0.424346761233817	-5.97650471130253	0.677601955313433	9.72044850286765
ARC	GFOD1	0.113662865417417	0.694064212552504	0.83675590246635	-5.98112864464117	0.416438527531502	12.3692266534296
ARC	LAMP5	-0.0749965427168977	0.903541540546834	-0.318092449580238	-5.98244916940801	0.754993895712464	9.69676749182001
ARC	COL25A1	0.356649760672562	0.780955140072997	0.58622679607798	-5.98441214432384	0.566824785731129	10.3261189833876
ARC	FCER1G	-0.0289985426100969	0.96375862264132	-0.103662356753504	-5.98613977964302	0.918871234737477	9.54765971955919
ARC	PAX6	0.0904819306581199	0.87487515401742	0.370142875850788	-5.99488729847009	0.716678550825229	9.77457817915634
ARC	ELK1	0.11537750467215	0.789530902415046	0.556857936293493	-5.99603678918083	0.586199656313637	10.4908965175095
ARC	CD36	-0.0569022837703805	0.933941235284278	-0.226216881293403	-5.99852692233588	0.824221192912251	9.25036381696832
ARC	MC3R	-0.110101748893468	0.873813987133667	-0.374623369873569	-6.01120978998609	0.713415255248857	9.9019892419857
ARC	NECAB2	0.113883107424762	0.710657494594818	0.761956307086953	-6.01592813886727	0.45841936589475	12.1001559481006
ARC	CDH4	-0.0602636156004159	0.933941235284278	-0.240046617592762	-6.01602117883623	0.813687145259146	9.6989849920098
ARC	SERPINA3	0.152008250734069	0.947309405320649	0.166234735250011	-6.01903339928943	0.870290242135502	10.0675102673306
ARC	MCTP2	0.0373741454706913	0.933941235284278	0.200761731794352	-6.02636073933497	0.843700757075183	9.55413728280766
ARC	NTNG2	-0.0260820810855389	0.960654231071611	-0.112371105637	-6.02985559921944	0.912084977231449	9.65181005614745
ARC	DDN	0.00719793983492778	0.98345385257444	0.0339652360545264	-6.03086236448592	0.973372507336508	9.63748767315554
ARC	KIT	-0.0144031177902928	0.974465376722905	-0.0700783469470489	-6.03124252372539	0.945097927013448	9.72858145767913
ARC	CNTNAP3B	0.113925389381524	0.780955140072997	0.58596676895084	-6.03675258248214	0.566994827724231	11.0687430833871
ARC	PCSK6	-0.0229135152788942	0.967419932344023	-0.0865246037974592	-6.04259419540109	0.93224437822668	9.76473158584585
ARC	EGFR	-0.0924344298569579	0.780955140072997	-0.586683211756626	-6.04529475788265	0.566526382994326	11.0768948647266
ARC	SPHKAP	0.0351879476638395	0.945490967518917	0.176198823566613	-6.05218532296135	0.862598608722738	9.75796072633582
ARC	STAT3	-0.131172235770398	0.702533821350095	-0.813492367910422	-6.05529015779013	0.429219293591976	12.9230258641921
ARC	HTR2C	-0.0975269069580573	0.789530902415046	-0.558626643504107	-6.05537804233772	0.585023246174579	10.9582121330208
ARC	TNRC6B	-0.0802545793896066	0.740480737424874	-0.686847321831692	-6.06139983062274	0.503121158579093	11.8891706271625
ARC	HHATL	0.0530571895334919	0.933941235284278	0.199869913812166	-6.06478423240055	0.844385226421402	10.0838309175283
ARC	MAN1A1	0.0424976158817412	0.933941235284278	0.22082934198921	-6.08031094556906	0.828334491371862	10.0911984771235
ARC	GHRH	0.185504766652791	0.836294395895133	0.463248575330067	-6.10004485652306	0.650129554898067	11.1414743107095
ARC	OPALIN	0.134810016445028	0.863238708433967	0.396333622983631	-6.12036475597028	0.697686079419233	10.7518201498854
ARC	FOS	0.440186810976961	0.754442730412547	0.640208579846045	-6.12241287818798	0.532120437902492	12.3088405875636
ARC	NTNG1	0.0482161466022308	0.933941235284278	0.242646475815293	-6.13128540186778	0.811710937597812	10.5669139406307
ARC	NTRK3	0.0707846310067612	0.754872614230014	0.634632665186289	-6.1429777565529	0.535649334481024	12.4634458388891
ARC	DOC2A	0.0192098887262961	0.967419932344023	0.0900113540863097	-6.1460673564983	0.929521699606214	10.3480901142586
ARC	B4GALNT1	-0.0341175585099354	0.933941235284278	-0.200855707651462	-6.14728724890246	0.843628638308106	10.558839275205
ARC	RFTN1	0.0554325147666752	0.933941235284278	0.244115248099407	-6.15989987830512	0.810595078498242	10.8901659052037
ARC	PDGFD	-0.0172924430510228	0.973086681201596	-0.0751980088282483	-6.16204611317465	0.941094790312776	10.5836281124349
ARC	CDH6	-0.0524937151587075	0.903541540546834	-0.308086281337266	-6.16281966532767	0.762440532845	10.8813301109955
ARC	RSPO2	-0.0449033895656417	0.947309405320649	-0.16631705857986	-6.1630244448728	0.870226636977881	10.3796868333224
ARC	CLDN11	0.0105416085071059	0.98345385257444	0.0363603945914291	-6.16425889074604	0.971495647123131	10.3476967828098
ARC	PCP4	-0.114957031227931	0.851737416840231	-0.428859889536971	-6.17092637447699	0.674389351963909	11.6887564991746
ARC	HES1	0.0915701803106419	0.913201130019938	0.29048882234067	-6.17663950079594	0.775595480290906	11.0448869219198
ARC	IDH1	-0.05153864398401	0.878029210846395	-0.361551147305863	-6.17678173679112	0.72295220234338	11.2055378351792
ARC	BCAN	0.0695036746616253	0.836294395895133	0.468295978038065	-6.19414749692332	0.646602274871333	11.9617012676971
ARC	AQP4	-0.0997744345214997	0.699905796020019	-0.819859923647989	-6.2089754594496	0.425696127990258	14.7003311223361
ARC	CELF2	0.20003308565221	0.733758487704191	0.700956913593798	-6.20923874979903	0.494533117740359	13.7056993697767
ARC	SEMA5A	-0.0211120517279664	0.960654231071611	-0.128432681122854	-6.21509876952653	0.899588063769753	11.1171482400743
ARC	RNASET2	0.0165268373588194	0.960654231071611	0.110837541312239	-6.22252306868033	0.913279501868079	11.2158888341514
ARC	SOX4	-0.0289379561890062	0.935710405774987	-0.194449274885075	-6.23444565400506	0.848548340579509	11.3251015546743
ARC	PTPRN	0.0958715095186378	0.752678047666987	0.651881716737631	-6.2389869741567	0.524775129812796	13.7415918853851
ARC	IFITM3	0.137901685382854	0.86303622388736	0.406416640017158	-6.24194966982256	0.690428979109888	12.3459180055692
ARC	SOX9	-0.116989365017567	0.836294395895133	-0.469015364551154	-6.25101741042382	0.646100258143484	12.5574019456829
ARC	SOX2	-0.0556598125135199	0.933941235284278	-0.238657284803798	-6.25267984589518	0.814743746442556	11.5730271156512
ARC	RRAGB	-0.00335295858887896	0.987196270161325	-0.023229448644888	-6.25804348607277	0.981786975530303	11.4226392138144
ARC	IGFBP5	-0.0655157499382213	0.933941235284278	-0.222093745133881	-6.27031234565527	0.827368666956031	11.6339007875257
ARC	PROX1	0.0222833924428834	0.960654231071611	0.140684403756379	-6.27268467238763	0.890073772599148	11.8267804009787
ARC	SHANK3	0.00222075794550669	0.990220059609158	0.0158521141367476	-6.32483277736691	0.98757052798954	12.287149554933
ARC	APOE	-0.127689775954719	0.752678047666987	-0.656424879381081	-6.37566954698067	0.521931957291004	15.3983927031593
ARC	IDH2	-0.0258239271869662	0.947309405320649	-0.163965694572465	-6.37655214284322	0.872043726541748	12.899519972547
ARC	APP	0.0730506672811853	0.760964552819601	0.621297220525136	-6.38848519873116	0.544141776125797	15.216848010004
ARC	TTYH1	-0.0309716643430082	0.933941235284278	-0.206940600911755	-6.41064687541862	0.838962101460935	13.3280286587873
ARC	ECEL1	-0.0449865221642938	0.903541540546834	-0.31010936879834	-6.41673669897925	0.760932948378321	13.7731070099713
ARC	DLG4	0.0533660282431381	0.836294395895133	0.463677504479126	-6.44243777789618	0.649829466690609	14.8099418200142
ARC	CHGB	0.060451356621785	0.836294395895133	0.460637964019918	-6.44305967060329	0.651957349353099	14.7276134755081
VMH	FCGR3A	-1.46037652246503	0.121100083855205	-4.47047852289243	-0.0289129873475593	0.000554958751925422	9.26133258226133
VMH	CYP26A1	-2.14828464021645	0.121100083855205	-4.238246948711	-0.466627116425103	0.000863947078845399	8.0879448552647
VMH	FCGR1A	-1.98980716416854	0.121100083855205	-4.16598090132366	-0.532145868174561	0.000992623638157416	8.83752371808517
VMH	C1QL3	-0.641721347295139	0.188971044550796	-3.78839868053211	-1.17817832343962	0.00206525731749504	9.18615427093237
VMH	CD68	-0.985491900521636	0.208895990049664	-3.62331291007853	-1.46308533323568	0.00285377035586973	9.0476469290576
VMH	CD14	-1.44248198085841	0.251010733945201	-3.43721771386466	-1.7810301892777	0.00411493006467543	8.66282420435656
VMH	TAC1	-0.626698259227727	0.257870788244649	-3.34529729011856	-2.08753755378657	0.00493195496642771	11.4378615569929
VMH	IGFBP4	-0.830047377376499	0.275167069212143	-3.1956870006211	-2.24284746164703	0.00662371063880787	9.68114661435315
VMH	CTSS	-0.687943399658652	0.275167069212143	-3.14756718291093	-2.3058843690587	0.00728255644501264	9.46191694137338
VMH	TMIGD3	-0.944422634068104	0.275167069212143	-3.13140114407919	-2.31192334554402	0.00751822593475801	9.2504706189992
VMH	CD163	-1.4324598682527	0.341570318493011	-2.8657271775096	-2.71335765996204	0.0126719341353126	7.18020258882959
VMH	STXBP2	-0.601544134387645	0.341570318493011	-2.87724905427165	-2.73100802238733	0.0123891893576566	8.80713061315145
VMH	PECAM1	-0.836013727271091	0.341570318493011	-2.94887925130937	-2.73730432963404	0.0107655502341775	10.3197089311594
VMH	FGFR3	0.617126315136668	0.341570318493011	2.85010151676099	-3.05303334992465	0.0130655313084758	12.5524975272183
VMH	RDH10	-1.21186931300899	0.39454013970212	-2.74093892275111	-3.0857594316661	0.0161696778566443	10.0139540969169
VMH	AIF1	-0.982002015507355	0.412487814103054	-2.68489236059353	-3.13120536348704	0.0180322541684395	9.99544029129931
VMH	ALKAL2	-1.25557226487937	0.449559140176745	-2.53067068996935	-3.22729664503561	0.0242965538205376	6.69012582981237
VMH	FCER1G	-1.02396620164711	0.439496547632169	-2.59134975484511	-3.24803711185931	0.0216145843097788	9.54357832787147
VMH	ITGAM	-0.745758423468364	0.449559140176745	-2.52493425533491	-3.33298750742481	0.0245660732337019	9.00980137572668
VMH	PTPRC	-0.592197177053651	0.462623840004198	-2.44427967244671	-3.47141173451094	0.028673179902099	9.00132501335233
VMH	SOX2	0.406865473227899	0.439496547632169	2.59486422275988	-3.47782804738005	0.0214683342542193	11.8260429554032
VMH	ARHGAP24	-0.419125636052842	0.462623840004198	-2.46847615898559	-3.54157216923694	0.0273765556127057	10.0650724117442
VMH	CAV1	-0.557289077345997	0.462623840004198	-2.43363352682474	-3.55332491709507	0.0292620994396353	9.04670654188216
VMH	TREM2	-0.984134354412386	0.500357717721424	-2.25381579868432	-3.64000439693821	0.0411269276364091	7.364130046641
VMH	FRMPD2	0.407531069467099	0.462623840004198	2.41473670131592	-3.69240102562976	0.030335989508472	10.5698811688195
VMH	GPR34	-1.24080562311706	0.487946669579628	-2.30532962725699	-3.7123237458463	0.0373292534104634	9.09730699895665
VMH	ITGB2	-0.688516475932113	0.488811338525216	-2.28576373354699	-3.74145568815707	0.0387309530525445	9.13637337708566
VMH	LRRK1	-0.669853205814846	0.500357717721424	-2.19389423589008	-3.75231760169895	0.0460010525780375	7.70137531557406
VMH	NES	-0.705016979107993	0.476158789350745	-2.33752782861269	-3.82819167365853	0.0351264680668582	10.5847680233024
VMH	THBS1	-1.33206078874414	0.510879562608896	-2.1615180105338	-3.89687894683219	0.0488546029817251	8.64643914156848
VMH	CD36	0.584372449551818	0.500357717721424	2.20872948964212	-3.90469510951978	0.044746264322621	9.03157445668955
VMH	ANKRD34B	0.406602521100311	0.476158789350745	2.36790602204462	-3.91414192222111	0.0331616121038138	12.2580955264723
VMH	ADCYAP1	-0.370387071652662	0.476158789350745	-2.34315883049888	-3.93103297639662	0.0347541101230836	12.0420906183216
VMH	IL18R1	-0.668415476548179	0.569505404048313	-1.85659171535399	-4.09968817947924	0.084980944229641	5.48414335655135
VMH	LAMA2	-0.393122945367033	0.569505404048313	-2.03025701257266	-4.10413656522893	0.0621937945529423	8.5339596753349
VMH	CXCR4	0.715374919985463	0.569505404048313	2.01200812107242	-4.14099553667606	0.0642939208029347	9.02551497741826
VMH	HRH3	0.23694602729239	0.500357717721424	2.19830621658064	-4.14982095149973	0.0456244814144748	11.622761179774
VMH	CCNB2	-0.632578896335637	0.569505404048313	-1.834316261448	-4.15099131164807	0.0883941466677119	5.5621420890759
VMH	CDH12	0.462908985050506	0.569505404048313	1.99626424855222	-4.16804904976585	0.0661578154245889	8.80270228078109
VMH	SPON1	0.366912175319273	0.500357717721424	2.18831611478008	-4.23033279010252	0.0464813180396951	12.8117933273432
VMH	CRHR2	0.44442191398657	0.569505404048313	1.99370104503256	-4.23410492761499	0.0664659113866207	8.82548860624686
VMH	NRP1	-0.28259533555458	0.569505404048313	-2.08574801964466	-4.27590711937611	0.0561894186557454	11.0944378205143
VMH	VCAN	0.579127659711594	0.569505404048313	2.07008399518781	-4.28075649911925	0.0578277365913732	10.9110109753126
VMH	TMEM233	-0.534014845815493	0.569505404048313	-1.93684716527376	-4.28434573188611	0.0736456647993943	8.06485408872704
VMH	MC4R	0.439480812387423	0.569505404048313	1.89376457502995	-4.30599871721395	0.0795481725033465	8.41326472406862
VMH	MC3R	0.409460735369864	0.569505404048313	1.98314814762526	-4.31525737669952	0.0677482408130605	9.38133453307445
VMH	PHLDB2	-0.319911549092277	0.569505404048313	-1.93978240167842	-4.39056358744681	0.0732583627199418	9.65068858069516
VMH	POMC	0.672754858551636	0.569505404048313	1.91402062662721	-4.41311774299063	0.0767216291657285	9.77649875002325
VMH	ALK	-0.575870647750056	0.569505404048313	-1.83239980307384	-4.47581434463255	0.0886934645649013	9.35355309012265
VMH	ANXA1	-0.450144972948525	0.569505404048313	-1.84033352069632	-4.48256444329669	0.0874602265579631	9.20889234304649
VMH	CCL5	0.833740697759432	0.6371266524686	1.57156291255412	-4.49326285848112	0.138834490975184	6.40815672546748
VMH	CEMIP2	-0.435537106495065	0.569505404048313	-1.870700804127	-4.49560951169255	0.0828807698168921	9.7073763723147
VMH	HS6ST2	0.293104353548081	0.569505404048313	1.98578381782685	-4.5172019005668	0.0674258668186232	11.8486037031811
VMH	TGFB1	-0.300039432100451	0.569505404048313	-1.90866467391425	-4.53162186722702	0.0774600256031725	10.7461158457343
VMH	LY86	-0.771285578058135	0.6371266524686	-1.56774352688459	-4.56477458484941	0.139721887108795	7.58428858403848
VMH	RNF144B	-0.39191213400562	0.622918018995334	-1.75187172320218	-4.56893301242906	0.102117708032022	8.95947658735384
VMH	PLCH1	-0.291020895541163	0.628677261443055	-1.72762964380932	-4.6210836915079	0.106497241009479	9.07527390333764
VMH	MS4A6A	-0.591586441305487	0.6371266524686	-1.63433333748505	-4.63407664802812	0.124928879504864	8.53500984676548
VMH	CD86	-0.472428064232129	0.6371266524686	-1.54592700944615	-4.63821488121033	0.144884213783862	8.06786466297409
VMH	CD4	-0.454114646616434	0.628677261443055	-1.73410088240349	-4.65375112779065	0.105312239828063	9.81777699773815
VMH	ADAMTS16	-0.603205865849872	0.669857515021152	-1.36574835748735	-4.65927519880091	0.19400244970558	5.31815178676654
VMH	RASGRP1	0.337225580953506	0.6371266524686	1.65777283398231	-4.66099117587723	0.120054365072502	8.73500154429144
VMH	ECEL1	-0.411007879044858	0.569505404048313	-1.87241315156857	-4.67338656330312	0.0826290874096409	11.8524127527696
VMH	TPH2	-0.376299158325318	0.669857515021152	-1.36726207459898	-4.68845614857501	0.19353879224828	6.25161281269292
VMH	CNTNAP3B	0.316120370371266	0.598093498426168	1.78486201733697	-4.68878200814124	0.0964139792544915	10.5711668419192
VMH	TTYH1	0.253254284681741	0.569505404048313	1.91807620385533	-4.71042828602101	0.076166756492209	13.5222521275135
VMH	GJA1	0.282478020905772	0.569505404048313	1.96088898124843	-4.72278366421309	0.0705274683402627	14.9236107806803
VMH	RELN	0.413598965803233	0.6371266524686	1.68316146426593	-4.73119323531791	0.114962084251155	9.60954315840177
VMH	SNTB2	-0.340941172481024	0.6371266524686	-1.70091900054371	-4.74943579019477	0.111513551712665	9.8251583023346
VMH	MOBP	0.585423075366929	0.569505404048313	1.833080172129	-4.77388445872014	0.0885870988332347	12.4708848484793
VMH	NTNG2	0.395965438734718	0.6371266524686	1.65497784869916	-4.78178336266841	0.120626795081529	9.74945276733835
VMH	RGS16	-0.657573355729058	0.6371266524686	-1.68243615746245	-4.80496912866107	0.115104901528094	10.1630493247782
VMH	TGFBI	-0.572355161813047	0.669857515021152	-1.39792448191492	-4.81184502277528	0.184340248704545	7.48306110292703
VMH	CD3G	0.463173563650851	0.775959315929221	1.18399688715967	-4.82482730120663	0.256532997889169	5.58205141514156
VMH	SERPINA3	-1.61692328689643	0.6371266524686	-1.55715062723881	-4.82959834352632	0.142208464723912	9.39843971653171
VMH	ITGA8	0.309978203863897	0.6371266524686	1.54636942670909	-4.84268632987387	0.144777933516917	8.71495509837383
VMH	ESR1	-0.569605054410472	0.6371266524686	-1.53506465578011	-4.87034060144566	0.147514546145938	9.35592898574758
VMH	THSD7B	-0.263400843836074	0.666883444701841	-1.49837965282796	-4.87681240858549	0.156699388645788	8.74453286092779
VMH	IDH2	0.270829605615305	0.590110176742415	1.80230147918806	-4.87794427572299	0.0935147274619128	13.3220925165368
VMH	P2RY13	-0.712443861398514	0.669857515021152	-1.43446768472541	-4.91360277406514	0.173850734296751	8.91233521722749
VMH	SSTR2	0.284171193955931	0.669857515021152	1.47351619919922	-4.94134089779642	0.163194942166884	8.77192991052649
VMH	RYR3	0.327721735081486	0.6371266524686	1.5994868673556	-4.94282186741638	0.132492203366201	10.369530519938
VMH	TAC3	0.408990865576434	0.782600512064896	1.12591354532257	-4.95041415837242	0.279522544055807	6.60389004119419
VMH	FILIP1	0.351607409405693	0.669857515021152	1.44421803084575	-4.95711983479485	0.171137177801642	8.55358959508099
VMH	ERBB3	0.517576420839632	0.6371266524686	1.53523917843339	-4.96463991490882	0.147471966537178	9.94361445838452
VMH	KLF2	0.540530839011783	0.669857515021152	1.44509758793248	-4.96731858645449	0.170894136562058	8.65036459915086
VMH	IL7R	0.451382063993693	0.782600512064896	1.09367180269435	-4.96915660013194	0.292939901884178	6.4584534824776
VMH	PDGFRA	0.720268283573409	0.6371266524686	1.67359665225865	-4.96958270925296	0.116857952281639	11.844239298788
VMH	RGS10	-0.670190430487577	0.703864908646712	-1.31052818461006	-4.97173153115527	0.211544098227154	8.39539960432089
VMH	GHRH	-0.837695899343864	0.782600512064896	-1.01716089033795	-4.97828796939764	0.326688923327823	6.07249029325892
VMH	CTSH	-0.252045245087123	0.6371266524686	-1.59211581757844	-4.98817125916491	0.134141691284979	10.7596502334379
VMH	SYNPR	-0.277318936015252	0.6371266524686	-1.63154641940603	-4.99514787349021	0.125519716631017	11.4113608970748
VMH	SLC26A4	-0.401370569420337	0.789026730508915	-0.996417915690334	-5.00945109269601	0.336306475298882	5.92063946795176
VMH	NR4A2	0.899367396907583	0.730823193474321	1.26877617676785	-5.03703026109824	0.225636669023493	7.80136159206037
VMH	KLK6	0.375173549975225	0.782600512064896	1.03616312549129	-5.03938874027979	0.3180542981356	6.53377747804581
VMH	ROS1	-0.76168795172988	0.828291691595709	-0.878709723757918	-5.04599357445231	0.394696095700444	5.34839267341798
VMH	OLIG2	0.654691799508958	0.6371266524686	1.60660812600586	-5.05940168427173	0.130915227061634	11.7883334288142
VMH	BCAN	0.282749473731078	0.6371266524686	1.61442368630968	-5.07984552496657	0.129203150577967	12.1588142776934
VMH	SULF1	-0.423602666852895	0.669857515021152	-1.4708871678246	-5.0890026053717	0.163894796052251	10.2257663974078
VMH	HS3ST2	-0.373110456588274	0.782600512064896	-1.13965508128936	-5.10538640519132	0.273947163404869	7.72225791201071
VMH	SPI1	-0.620342862812434	0.669857515021152	-1.43175263640215	-5.11479644385481	0.174612673536825	10.1804729849516
VMH	NTRK3	0.168989573940138	0.6371266524686	1.5915733154012	-5.12600744636848	0.134263786634149	12.4049103278623
VMH	CAMK2A	0.193959831854972	0.6371266524686	1.64977208550586	-5.14017143254854	0.121699298139327	13.764644985215
VMH	TOP2A	-0.487358353830963	0.894341656388822	-0.703365793331846	-5.15331290704632	0.493598400520607	5.28218550624059
VMH	GAS2L3	-0.253467011692368	0.828291691595709	-0.873897350658179	-5.15416971393932	0.397221371034174	6.02581313552923
VMH	EGFR	0.247053912175469	0.6371266524686	1.53641107717317	-5.15556676288812	0.14718631999222	11.652732996795
VMH	RXFP1	-0.352086303684462	0.918068854586729	-0.653482822267284	-5.17739282729755	0.524252433356902	5.3444016242129
VMH	WIF1	-0.344431958288139	0.669857515021152	-1.40590697711472	-5.17931952437839	0.182005429807724	10.3240077455325
VMH	KLRB1	0.602255357158363	0.819966456128135	0.958061235457843	-5.18794771291207	0.354620346435532	7.48360970496542
VMH	CYTIP	-0.207676706595677	0.782600512064896	-1.04125793494734	-5.1962731521615	0.31576771888042	7.68966210302304
VMH	CDK1	-0.290892175242972	0.987326859936354	-0.509587522803322	-5.21383265272088	0.618442707220818	4.94270291264705
VMH	TP53	0.210334520167475	0.669857515021152	1.38952035281864	-5.23318384059756	0.186824973927994	10.5686915847793
VMH	PWP2	0.17623252740958	0.669857515021152	1.36582962709252	-5.23329798263194	0.193977533497422	10.253812470045
VMH	MYT1L	0.15096796505714	0.6371266524686	1.53321455312163	-5.23462514510382	0.14796657229462	12.8456929494343
VMH	THSD4	-0.201870370106048	0.703864908646712	-1.32072645202643	-5.23707312509895	0.208211474773184	9.83528585527732
VMH	TGFB2	-0.291289235201241	0.669857515021152	-1.38553075054953	-5.23754332285797	0.188014115098548	10.3892317563342
VMH	AGRP	-0.311201490264462	0.987326859936354	-0.557405827333374	-5.2430966282531	0.586234841232334	5.47758859393343
VMH	OXTR	0.229435261562065	0.669857515021152	1.37390463263468	-5.24707989940396	0.191514838783936	10.3141001473813
VMH	SLC17A7	-0.352313711645213	0.987326859936354	-0.467375894897752	-5.24742704957131	0.647571459793107	5.15301274992698
VMH	IGFBP5	0.326317661213038	0.669857515021152	1.46841031612603	-5.25668519266711	0.164556437828437	11.5883270340661
VMH	CRYM	0.286781594089884	0.730823193474321	1.2741323678231	-5.26386638911225	0.223788066147095	9.79034277255821
VMH	PVALB	-0.149483823806543	0.987326859936354	-0.312483514744596	-5.26521659103652	0.759374590229448	4.67916976481213
VMH	GSX1	-0.111909503298588	0.987326859936354	-0.232974445287886	-5.26573597516236	0.819222908524398	4.92534331704846
VMH	TRAC	0.291125814567225	0.875855250468928	0.753697984985399	-5.30037649822288	0.463776704275228	6.81794450664428
VMH	SLC6A3	-0.418221036077696	0.987326859936354	-0.509234567181191	-5.30234400291661	0.618683617352109	5.73732102134693
VMH	FASLG	0.145740144036822	0.987326859936354	0.281235258022981	-5.31041948340568	0.782729164306417	5.30511150050473
VMH	MYZAP	0.296433805328226	0.782600512064896	1.06318965105886	-5.31530231259032	0.306061815531294	8.18579246502843
VMH	FGFR2	-0.219180315057875	0.669857515021152	-1.395489890447	-5.32524200034466	0.18505723578326	11.5872087557503
VMH	CDH13	0.17675430885066	0.669857515021152	1.46777951604534	-5.32750128273333	0.164725300420551	12.7541133932778
VMH	ST18	0.375214630362569	0.736334115434615	1.25693422342657	-5.33033673219263	0.229766739333308	9.88617808979756
VMH	TRH	-0.354070099396452	0.782600512064896	-1.04039374919365	-5.33038080676443	0.316154722789587	8.64364059313956
VMH	ANKRD18A	0.258189647774808	0.757346082028864	1.2223127589184	-5.33279532696772	0.242184659004538	9.5693193182474
VMH	CCNA1	0.224903280227418	0.782600512064896	1.13895523984294	-5.33373978949513	0.274229055268929	8.93795089967331
VMH	DCC	0.199435780941599	0.736334115434615	1.25240582799307	-5.34090080249466	0.231361812226723	10.1331156634631
VMH	SOX10	0.387310527069204	0.669857515021152	1.37613709212398	-5.34204574087108	0.190838518393572	11.574140887852
VMH	C1orf162	-0.324101353851838	0.828291691595709	-0.915092904264561	-5.34267692953724	0.37595477113322	8.01537156108127
VMH	NKG7	-0.0713806018077206	0.987326859936354	-0.115118172142581	-5.35774161709735	0.910020199040397	5.30489968174826
VMH	GPR183	-0.341937240370541	0.875855250468928	-0.75925352597561	-5.36687075086633	0.460554624652833	7.77638552609953
VMH	ANK1	-0.240448594305752	0.782600512064896	-1.04955478033807	-5.37018105823484	0.312069787730938	8.82544426253195
VMH	CENPF	0.198345900602234	0.880241550507084	0.725096274254173	-5.38602758671323	0.480584680263648	7.14398562426875
VMH	MEPE	0.0386608862094269	0.987326859936354	0.097017025107525	-5.39288659324637	0.924116618434993	5.8532354674958
VMH	CD52	0.0157881950477297	0.992447480800842	0.0327785735969526	-5.40330954712954	0.974323509275245	5.79067132169292
VMH	GZMA	0.0668431361730413	0.987326859936354	0.110273104615895	-5.40414517506385	0.913790455103377	5.84492109071487
VMH	LINC01615	0.268809386218733	0.782600512064896	1.03115640547475	-5.40894026528992	0.320313074191322	8.50155360198249
VMH	ICAM5	0.180336836532131	0.987326859936354	0.400231641075497	-5.41184873450456	0.695151534086352	5.96184046775029
VMH	OTOGL	0.142764223519638	0.987326859936354	0.45349036997193	-5.41185358646683	0.657289403879801	6.37127585367405
VMH	KRT8	0.436713009269162	0.669857515021152	1.38495640630568	-5.41222945505863	0.188185814486533	12.6180474822561
VMH	SPHKAP	-0.333234874457943	0.757346082028864	-1.21690290508969	-5.41281656396237	0.24417168764865	10.5329981410032
VMH	LYPD6B	-0.114949980820276	0.987326859936354	-0.411491179968722	-5.4131264930881	0.687071771817774	6.45516129158072
VMH	GPNMB	0.365265818692274	0.828291691595709	0.933140198452392	-5.422551271695	0.366888571168395	8.71029963879186
VMH	LBHD2	0.0754745045520755	0.987326859936354	0.0832711080946532	-5.43096865655866	0.934839376017335	6.34117506837716
VMH	MKI67	-0.0669394515545507	0.987326859936354	-0.204464873735698	-5.43155711865264	0.840993930043508	5.98823162490427
VMH	NNAT	0.235471919209811	0.669857515021152	1.3902183321197	-5.43312639891796	0.186617570255176	13.0241731413855
VMH	CCL4	-0.0435881730708845	0.987326859936354	-0.093303909230269	-5.43451466697192	0.927011682652176	5.90111197880252
VMH	NDST4	0.177424416987169	0.987326859936354	0.513488279598027	-5.43514514174227	0.615783285762226	7.11377169224859
VMH	OXT	0.744135309420056	0.855342038834836	0.796678992923599	-5.44680859856464	0.439214196484076	7.51304643617544
VMH	ITGAX	-0.285968278289143	0.782600512064896	-1.11832457816799	-5.44697819532559	0.28263819342944	10.0929134237096
VMH	CTNNA3	0.274938445515865	0.828291691595709	0.869008077005299	-5.45149160595625	0.399798076793579	8.314487165654
VMH	ERMN	0.512411000035675	0.703864908646712	1.31539938333996	-5.45265963795082	0.209946957492973	12.0415162513184
VMH	HILPDA	0.28960560583689	0.782600512064896	1.01924638826936	-5.4730711719382	0.32573306924139	9.309424750177
VMH	SLIT3	0.283954084098285	0.775959315929221	1.18642664129622	-5.47407341311169	0.255604002098434	10.45960785361
VMH	KLF4	0.375074355151209	0.878669647655392	0.741489088215627	-5.47645796648653	0.470906462487879	7.57981915754988
VMH	ENOX2	-0.142921541186675	0.782600512064896	-1.02535742128182	-5.48757179895833	0.32294383034382	9.27556748926076
VMH	CRHBP	0.171591227177179	0.897322817164047	0.690470818946789	-5.49079758395916	0.501419131642582	8.21739942360268
VMH	CYP19A1	-0.201271861472855	0.987326859936354	-0.525648754854881	-5.49344226999731	0.607528712568191	7.11395004851554
VMH	CD2	-0.0339470108455098	0.987326859936354	-0.0692052960392875	-5.49378398511513	0.945825289505973	6.37246271687151
VMH	NPFFR2	-0.152333107490177	0.987326859936354	-0.395755145892528	-5.49752319725973	0.698374636732167	7.09907194073805
VMH	MAG	0.305849444716811	0.782600512064896	1.04556409555571	-5.50048156551842	0.313844470686949	9.62722406284755
VMH	ANO3	-0.191331200385669	0.782600512064896	-1.03512787484206	-5.50547532282018	0.318520396167649	9.38883730263768
VMH	ADAMTS12	0.0136494576904687	0.992447480800842	0.026948015383952	-5.50595924089145	0.978889455106841	6.23054022404103
VMH	MYO5B	-0.19473203020406	0.828291691595709	-0.886972000555376	-5.50654500594966	0.390385742344568	8.38648318220607
VMH	AVP	0.0123669344452457	0.996312910757558	0.0144771864118843	-5.50725783197548	0.98865780943345	6.04133776591663
VMH	CCK	-0.295273852401532	0.782600512064896	-1.01310872844363	-5.50960561498425	0.328551956403077	9.48784875205945
VMH	IDO1	0.0947801947165674	0.987326859936354	0.183465191232485	-5.51100412497749	0.857118206585164	6.83548894353382
VMH	MCTP2	0.174491186740001	0.897322817164047	0.695014411577475	-5.51340852798348	0.498655161186141	8.14283549525694
VMH	THEMIS	0.161309600373859	0.987326859936354	0.293243469163283	-5.51580341499752	0.773727147021481	7.03944253887754
VMH	PCLO	0.153976106459785	0.715896754837239	1.29376142015646	-5.51919166515097	0.217116228926048	12.5116106741656
VMH	POSTN	0.00898025261389268	0.996312910757558	0.011655205029044	-5.52014077690062	0.990868577911888	6.91212538715813
VMH	HES1	0.301422372257921	0.775959315929221	1.19153820391266	-5.52429628713076	0.253658131545221	11.0099986463838
VMH	CYP26B1	-0.310652399375943	0.828291691595709	-0.863281221726356	-5.52770056868861	0.402830385530153	8.74945472405029
VMH	LHX6	-0.286367873547547	0.92333672233861	-0.640657778125735	-5.53054057936146	0.532306143206139	7.8522826708393
VMH	VIP	-0.0922067266622566	0.987326859936354	-0.224374471212244	-5.54178521325156	0.825774772370012	7.04789413134478
VMH	HLA-DQA1	0.126325969357915	0.987326859936354	0.434614726412391	-5.54201800508707	0.670603526140536	7.89292923168248
VMH	CUX2	0.110563513390293	0.987326859936354	0.424722900191738	-5.5451645009553	0.677627433604854	7.35553688713625
VMH	ADRA1B	-0.0891898199082224	0.987326859936354	-0.322812560917305	-5.54582853328957	0.751706884065961	7.0258784375587
VMH	LOX	-0.146020543713614	0.987326859936354	-0.302576369862874	-5.54679872011957	0.766753925073614	7.08889833662334
VMH	DCN	-0.223615545664277	0.782600512064896	-1.15773040547488	-5.55070131727511	0.266742669324151	10.9920878976363
VMH	TRPC6	-0.267644449061846	0.855342038834836	-0.802947696204457	-5.56057417770048	0.435702322715412	8.5772289304645
VMH	ADAMTS3	-0.0873480517959884	0.987326859936354	-0.327910933423094	-5.56927659812708	0.747932107697339	6.75611935478923
VMH	SOX9	0.270822169648776	0.739842659981649	1.24360821318701	-5.57188609435049	0.234485651797462	12.451746928574
VMH	CXCL14	-0.230810134047044	0.782600512064896	-1.13369806193078	-5.57491039436521	0.276353662691279	10.739638749037
VMH	RIT2	0.199903056446047	0.782600512064896	1.11932323792805	-5.57614920785445	0.282226703558042	10.9664863651296
VMH	POU6F2	0.0668375863204878	0.987326859936354	0.286340048505663	-5.57618272562653	0.778898289139072	7.17510287106564
VMH	ZDHHC23	-0.021893576630089	0.987326859936354	-0.0806175199192428	-5.5811732861942	0.93691094008065	6.74553480210054
VMH	P2RY12	-0.747926583487711	0.782600512064896	-1.03720142492429	-5.5846850521396	0.317587326879261	10.494931589126
VMH	MT2A	0.148692474429434	0.987326859936354	0.383095540048852	-5.58727120400679	0.707522260162624	7.70554276040299
VMH	EYA4	0.0873073480380278	0.987326859936354	0.0977928160315766	-5.58762195592253	0.923511884948218	7.43095141402303
VMH	SFRP2	0.10106724311348	0.987326859936354	0.460359537228521	-5.59599193336403	0.652473733797229	7.54298043510694
VMH	TESPA1	-0.068762437410725	0.987326859936354	-0.121931773148031	-5.60364455558205	0.90472193556895	7.35172405612509
VMH	CRH	-0.193849198326669	0.987326859936354	-0.169767631713937	-5.61118923940951	0.867672021528852	6.85741386974279
VMH	GNLY	-0.147574571976479	0.987326859936354	-0.196323481295062	-5.62678530690208	0.84723679719237	7.75788379263325
VMH	SORCS1	-0.170717342040982	0.828291691595709	-0.867542322171629	-5.63017054994996	0.400572721302639	9.16728983878998
VMH	CAPG	0.426784411345441	0.828291691595709	0.919342113807302	-5.63386661979927	0.37380640233311	10.0522714714977
VMH	COL25A1	-0.262863669207915	0.782600512064896	-1.0115060356217	-5.6361404681602	0.329290925841514	10.5031955263902
VMH	TRHDE	0.0989054486979839	0.987326859936354	0.361985575276241	-5.64112092889619	0.722880344594312	7.80607482138857
VMH	APOE	0.243995289524921	0.703864908646712	1.32521572616527	-5.64331451799793	0.206757929199518	15.4059836043711
VMH	GLRA3	0.164579219182556	0.782600512064896	1.16752142081774	-5.64850711644903	0.26290112175442	12.2231671119524
VMH	PCP4	-0.300886910272297	0.782600512064896	-1.16573789636186	-5.651371451362	0.263597715492699	12.0573719999604
VMH	SLC10A4	-0.143728635132257	0.972469132026048	-0.592302442811478	-5.6535270363184	0.563288131118913	8.644927470445
VMH	HRH1	0.238485989929172	0.828291691595709	0.863321434200639	-5.6553704864215	0.402809040119898	9.41006642354058
VMH	GAL	-0.0333517060716941	0.987326859936354	-0.0647995432123665	-5.66643799501166	0.949268812900043	8.00911329332105
VMH	SHISAL2B	0.192391956558316	0.987326859936354	0.426239700273378	-5.67508315829933	0.676548349252466	8.04488980173514
VMH	IGFBP3	-0.233379686346245	0.828291691595709	-0.864666277568148	-5.68838132963232	0.402095610569189	9.80829069370704
VMH	PLCE1	-0.143120607442446	0.855342038834836	-0.815281224065343	-5.69321601507137	0.42884556816942	9.41644463620369
VMH	FLT1	-0.301766741162108	0.782600512064896	-1.05053320080905	-5.69359191876977	0.311635802676743	11.1666630876942
VMH	CDH1	0.0862619126448347	0.987326859936354	0.26589163541086	-5.69363998965979	0.794278698686396	7.78182699746522
VMH	DDN	0.226197082619661	0.782600512064896	1.08509655595591	-5.69468559182672	0.296588263809817	11.5009172695016
VMH	NXPH2	-0.0260715870728223	0.988821553036826	-0.0591327836606642	-5.69503557116648	0.953699476016392	7.7660030619337
VMH	HHATL	0.227817316422092	0.828291691595709	0.902726724456173	-5.70248427291872	0.382255170792336	10.2288818695328
VMH	SDK1	-0.0868903144541129	0.987326859936354	-0.424058530608879	-5.73245532076749	0.678100312526234	8.11661255952599
VMH	SLC24A3	0.176758906818407	0.782600512064896	1.07590284853941	-5.73250935250939	0.300537184692948	12.1720387867174
VMH	CD48	0.124309715522349	0.987326859936354	0.367659504019062	-5.73473708505643	0.718739843360072	8.47790438361371
VMH	RSPO2	-0.183883780543873	0.92333672233861	-0.642605165131673	-5.73763499581631	0.531078772086784	9.04685184220423
VMH	NPY2R	0.0355640424993764	0.987326859936354	0.128182018225281	-5.74330177414706	0.899865878831517	7.88805159729601
VMH	PCSK6	-0.224977711838985	0.828291691595709	-0.905704857531434	-5.74384876743532	0.380731302145939	10.5079211502557
VMH	ZBBX	0.0229845568322391	0.987326859936354	0.0985317719287664	-5.75105855982359	0.922935910311938	7.84462066302033
VMH	C2orf80	-0.201595486830614	0.790159660381839	-0.990794757523175	-5.7510915130318	0.338948269617346	11.3894651744427
VMH	GFOD1	-0.11940741337183	0.782600512064896	-1.07356484492918	-5.75399760662132	0.301547604079543	12.3087903599599
VMH	CAPN3	-0.117599047653371	0.987326859936354	-0.397671955433729	-5.75831051255137	0.696993777202615	8.46198193805086
VMH	FSTL4	0.165971078809063	0.855342038834836	0.8083650811154	-5.76339812339353	0.432681929733613	9.92922609373061
VMH	COL12A1	0.185271035740527	0.917616745127097	0.657912244518117	-5.77265636767017	0.521487111984798	9.04654199415813
VMH	STK32B	-0.137388804846216	0.903764790067171	-0.674597639926173	-5.77307774688952	0.511145659956023	9.49903282975156
VMH	SAMD5	0.160682610798974	0.875855250468928	0.76417422394785	-5.77418198579866	0.457712398725562	9.84650206232744
VMH	CORO1A	-0.117648034517355	0.892677180576065	-0.708939215543276	-5.77614817672152	0.490240746709806	9.52624836641419
VMH	OLIG1	0.337579427977412	0.782600512064896	1.1077660635588	-5.77647104001558	0.287016435888768	13.246767208844
VMH	PCDH7	0.157489130088843	0.782600512064896	1.08568313040367	-5.78300456963275	0.296337631414053	12.943526899121
VMH	NWD2	-0.0738105231561281	0.987326859936354	-0.225100865797863	-5.78410157247286	0.825220840988804	8.23925370146535
VMH	RNASET2	-0.167885468318518	0.819966456128135	-0.954788331257787	-5.78493759747566	0.356214935858944	11.4940444649138
VMH	TRIL	0.159294098936535	0.782600512064896	1.0305464130977	-5.79393421221007	0.320589066890761	12.2210560684973
VMH	PDGFD	-0.138644818052118	0.901834754934544	-0.680379549642768	-5.79740136323911	0.507590053323814	9.7257133599507
VMH	TNRC6B	0.120957945921756	0.822162355352301	0.948250548615621	-5.80421159881362	0.359415237312482	11.4038048154468
VMH	BDNF	-0.0459384462426797	0.987326859936354	-0.11639715189502	-5.81870203495337	0.909025315432338	8.50704726264046
VMH	HLA-DMB	0.129695436523464	0.987326859936354	0.402620290190012	-5.82598748983094	0.69343419269122	9.08268339269514
VMH	NR5A1	0.261616394856231	0.828291691595709	0.907597671441835	-5.83116490654038	0.37976493580377	10.8774057253247
VMH	TACR1	-0.113357457628352	0.987326859936354	-0.379496465985804	-5.83253665016185	0.710131567841696	8.7090673006402
VMH	NPNT	0.0105838533490648	0.992447480800842	0.0446798754903878	-5.83591388636914	0.965006611459205	8.40809933821844
VMH	PROKR1	0.108453302825264	0.987326859936354	0.251957213571778	-5.83953169957201	0.804811235592403	8.82950392764947
VMH	LINC02763	0.0462494418031927	0.987326859936354	0.098615395244685	-5.84031914841897	0.922870733457584	8.4844859879746
VMH	LYVE1	-0.0735146398518793	0.987326859936354	-0.333943223668262	-5.84574370929879	0.743474545722024	8.83207491467112
VMH	ANGPT1	-0.0454721483978862	0.987326859936354	-0.245765781474879	-5.84594206086503	0.809503936112464	8.5768837534691
VMH	CEMIP	0.081170273038472	0.987326859936354	0.345150946665085	-5.84676317303522	0.735218054961867	8.57609432716592
VMH	UGT8	0.27030255296302	0.845501069751954	0.834813672443222	-5.8476858278683	0.418130310451103	10.9882990368556
VMH	NRGN	-0.146804685767327	0.782600512064896	-1.08345088535496	-5.85084928105912	0.29729227018041	13.7261179965392
VMH	CX3CR1	-0.69399684353456	0.880241550507084	-0.724386708122424	-5.85450002205882	0.481006311752505	10.2322596336341
VMH	IDH1	0.168833702982619	0.844486345172996	0.839988358130577	-5.85861092602921	0.415321153363769	10.9919712902811
VMH	IFITM3	-0.330978336936646	0.828291691595709	-0.935530367419636	-5.86743568911211	0.365699303948816	12.1009373798954
VMH	TRPC5	-0.0897810160195149	0.987326859936354	-0.46103144575538	-5.86811438028768	0.652003547961853	9.07191951406264
VMH	ADRA1A	-0.0855237836502116	0.878669647655392	-0.73394440829463	-5.87234738941825	0.475345874961114	10.4228364218037
VMH	APP	0.131726908120067	0.782600512064896	1.11463676345331	-5.87348033337818	0.284161647002535	14.9746451612536
VMH	GDF10	0.0901009777850099	0.897322817164047	0.688536025699139	-5.87704551056904	0.502598845679316	10.0685161410848
VMH	NPY1R	0.154971611189266	0.875855250468928	0.749337844673832	-5.87846686935578	0.466315238233322	10.3975248139216
VMH	VWC2L	-0.0848670089412238	0.987326859936354	-0.509439552460559	-5.87896433784892	0.618543698939349	9.23046975100306
VMH	CNTN2	0.172279809346284	0.828291691595709	0.904671320145506	-5.88089725140414	0.381259677848445	11.9080925390105
VMH	MOG	0.194444827375133	0.875855250468928	0.748773916392573	-5.88454781773754	0.466644190823609	10.7216601433738
VMH	PTCHD4	0.0362581195683873	0.987326859936354	0.194429462345164	-5.88532010923492	0.848690689477556	8.81680886562502
VMH	PCNA	0.111478305906049	0.878669647655392	0.735760237181647	-5.8883791841061	0.474275082452206	10.5903743954524
VMH	LRRK2	0.0656069132499422	0.987326859936354	0.419780237958691	-5.89141471882078	0.681148849316623	9.13861709235459
VMH	SLC17A6	-0.243479276751653	0.786438491242499	-1.00338333718789	-5.89922817669165	0.333054552302151	13.4927981156745
VMH	BMP8B	-0.060180276453794	0.987326859936354	-0.232935657126469	-5.91357241119638	0.819252428068876	8.78193595432806
VMH	NOTCH1	0.145117162514326	0.844486345172996	0.841934279193214	-5.91385078012338	0.414267996242376	11.5736486273463
VMH	PSEN2	0.061605746777321	0.987326859936354	0.500957077604329	-5.91973525353994	0.624346451854041	9.68415146077498
VMH	ATP2C2	0.130851714496266	0.974930501489519	0.585776674088476	-5.92171595031824	0.56754243424169	10.1164750799416
VMH	FBLN1	-0.094740117215947	0.987326859936354	-0.534347600261034	-5.92535045169187	0.601657788329675	9.76923124548147
VMH	BRINP3	-0.175558703120513	0.855342038834836	-0.805013663790822	-5.92655479049022	0.434548876226969	11.496012575297
VMH	KIT	-0.0375543569602552	0.987326859936354	-0.194017823384844	-5.93602166866417	0.84900674894337	9.20274666451169
VMH	GAD2	0.14305191240793	0.987326859936354	0.489619809019723	-5.93749955747202	0.632142736864703	10.0740671582342
VMH	PCDH19	0.101462690664283	0.828291691595709	0.888254521856704	-5.94461390955987	0.389719525338565	12.4218875383135
VMH	HTR2A	0.0270707679731963	0.987326859936354	0.155744408483135	-5.956166213426	0.878503994036641	9.07590955629588
VMH	AR	-0.0610063661075593	0.987326859936354	-0.445947697435346	-5.95717502783111	0.662595527834821	9.72743261555572
VMH	CSPG4	-0.0284123911618863	0.987326859936354	-0.116146906357847	-5.95745724030403	0.909219962201002	9.13693458237383
VMH	RXRG	-0.13693340990802	0.861316798841798	-0.786812144390294	-5.9575438170135	0.444778346942896	11.6127821864097
VMH	ELK1	0.0988439836920758	0.855342038834836	0.796818804054088	-5.95822701020515	0.439135674297702	11.5134849862301
VMH	DYDC2	-0.0347424367158222	0.987326859936354	-0.115940917921619	-5.96013306594002	0.909380189323446	9.28857471510891
VMH	ABCC9	-0.0140996876703756	0.987326859936354	-0.0829802490491345	-5.96386574295498	0.93506641589426	9.22256688722277
VMH	LEPR	0.0630999977599824	0.987326859936354	0.253060223526125	-5.96558727216214	0.803976040893681	9.0835150027432
VMH	PSENEN	-0.0762390979808014	0.987326859936354	-0.530689070786426	-5.97250111019666	0.604123492276443	10.2110169272235
VMH	KCNH5	-0.0625088543976702	0.987326859936354	-0.427476193934224	-5.97979999801496	0.675669227238266	9.86044260620089
VMH	GPER1	-0.0368171344056112	0.987326859936354	-0.133834826282579	-5.98504522309495	0.895477577478513	9.26614586802821
VMH	HCRT	-0.151061095702788	0.987326859936354	-0.33930719622772	-5.98898451171315	0.73951885108174	9.6746318406179
VMH	MEIS2	0.0222087122954182	0.987326859936354	0.091560446913991	-5.99058368967268	0.928371409384228	9.24214437521967
VMH	CALCRL	0.0696551692567198	0.987326859936354	0.260065291764323	-5.99156187581988	0.798677683518309	9.23286641802726
VMH	LYPD6	0.0273149155604511	0.987326859936354	0.14897377640186	-5.99211194372597	0.883743057583768	9.4247593020896
VMH	TLL2	-0.0190093525924748	0.987326859936354	-0.103573387354335	-6.01624946053844	0.91900747120219	8.90609145640146
VMH	RFTN1	-0.116864862313518	0.987326859936354	-0.458876427269938	-6.0252059694914	0.653512123179378	10.4653229138004
VMH	CELF2	0.374527988645564	0.828291691595709	0.876644253864965	-6.03178189606461	0.395778618133984	13.8587430588934
VMH	RNF152	-0.0832447501693174	0.987326859936354	-0.550952607807703	-6.03266076406482	0.590530620489576	10.7938029239012
VMH	ELOVL2	-0.0251525602145737	0.987326859936354	-0.155401329421289	-6.03581657311189	0.878769325870462	9.62139512773821
VMH	UNC5B	0.0374515990276372	0.987326859936354	0.089227729027665	-6.03596159413868	0.930191059982825	9.76167032348015
VMH	S100A4	-0.16509929063476	0.987326859936354	-0.251794244199059	-6.0417387260183	0.804934656391371	10.0646660903263
VMH	VGF	-0.122978702797948	0.987326859936354	-0.332880080410844	-6.0531366319994	0.744259466900008	10.3614894099094
VMH	NTNG1	-0.103695742555793	0.974930501489519	-0.581955716528387	-6.05663045521553	0.570041331472014	11.228899783881
VMH	FABP6	-0.0976856699731563	0.987326859936354	-0.523438205346852	-6.05965176124977	0.609025153360703	10.9718448428665
VMH	HTR2C	0.000972847624018058	0.996498290587175	0.00446943478812691	-6.07559673007947	0.996498290587175	9.99270692553728
VMH	PROX1	-0.049548829421397	0.987326859936354	-0.405376960806339	-6.07911568134192	0.691454435126941	10.5447469518669
VMH	DDR2	-0.0498236292952914	0.987326859936354	-0.199190105232483	-6.08933472379364	0.845037412790201	10.2080679711511
VMH	TMEM132C	-0.0617469580291825	0.987326859936354	-0.413835802016249	-6.08981845068508	0.685394238446514	10.748684397063
VMH	CDH6	-0.105658756897864	0.987326859936354	-0.41849220037165	-6.0907273983818	0.68206779144426	10.6363785921019
VMH	SOX11	-0.0633735003284102	0.987326859936354	-0.477943246460828	-6.09099750207559	0.640220179024822	11.060499138284
VMH	NCSTN	-0.020287485116004	0.987326859936354	-0.104288113157067	-6.09764511806035	0.91845073059311	10.0543524693695
VMH	PAX6	0.0165852046982575	0.987326859936354	0.102244385773497	-6.10020373776128	0.920042823419723	10.10592399051
VMH	GLRA2	-0.102744151367261	0.987326859936354	-0.384706622979414	-6.10117828789751	0.706355469227782	10.8759189699217
VMH	MAL	-0.115009381049216	0.987326859936354	-0.489603501125643	-6.10571354835536	0.632153984439062	11.1868610540592
VMH	CDH4	0.0604503717232383	0.987326859936354	0.303227331936343	-6.11576860366243	0.766268323790921	10.6310423546722
VMH	PLD5	-0.0533169674463903	0.987326859936354	-0.316124593095245	-6.12630152354044	0.756668603655366	10.6586063814827
VMH	MAN1A1	0.028858191943252	0.987326859936354	0.180767405681727	-6.12664347574792	0.859194642189157	10.3683302154984
VMH	PTPRZ1	0.145853171766632	0.875855250468928	0.761203972796505	-6.13062205266769	0.459426722587499	13.6847055918436
VMH	ADARB1	0.0293272565557707	0.987326859936354	0.245133719952102	-6.1362126277252	0.809983429841182	10.6113162506604
VMH	MYRF	0.03132136830612	0.987326859936354	0.113022964915513	-6.14165867234934	0.911650342355738	10.596144101853
VMH	PSEN1	-0.0475327223898638	0.987326859936354	-0.340863893664257	-6.14305609047861	0.738372283092011	10.926519737167
VMH	TENM1	0.0263836043796637	0.987326859936354	0.176063199179994	-6.14772024178684	0.862817967136784	10.6700834378516
VMH	LAMP5	-0.0807877764382905	0.987326859936354	-0.546562270810248	-6.15136459409447	0.59346236839248	11.7994709040533
VMH	PCSK1	-0.0685410803510607	0.987326859936354	-0.32537185174256	-6.15696941432299	0.749811181224466	10.9371385050671
VMH	CHODL	-0.00354510453410661	0.996312910757558	-0.0149006250839075	-6.15936490632477	0.988326091236283	10.6576961170245
VMH	CD83	-0.058529366258524	0.987326859936354	-0.33340067961863	-6.16411788476429	0.743875070276882	11.0548279449164
VMH	CLDN11	-0.0242150866915765	0.987326859936354	-0.080966467453372	-6.16667742439496	0.936638501392128	10.6603405891147
VMH	AQP4	0.138562830734491	0.855342038834836	0.796426512412084	-6.16738688304164	0.439356019947949	14.8647928775484
VMH	GABRE	0.0123746126227093	0.992447480800842	0.0347262759469918	-6.17633727059448	0.972798451997677	11.1556663933912
VMH	MYO16	-0.0404455115779214	0.987326859936354	-0.236504780529946	-6.17857454094839	0.816537363127551	11.0694873715011
VMH	SST	0.0395330102794347	0.987326859936354	0.075781209489771	-6.1801373974175	0.940687691152121	11.2488732592641
VMH	SSTR1	-0.00677623887656864	0.992447480800842	-0.0495152691615724	-6.18117361554799	0.961222676370062	10.7987501106321
VMH	RORB	-0.0145263650624585	0.987326859936354	-0.0925897249954605	-6.18826759554005	0.927568646703862	10.775286572298
VMH	B4GALNT1	0.0170275643505846	0.987326859936354	0.108692374044063	-6.19186034718162	0.91502099423342	10.8225478329088
VMH	TSHZ2	-0.0179241010729694	0.987326859936354	-0.108509752773962	-6.19238471465546	0.915163172672089	10.9130192947407
VMH	ACVR1C	-0.0471328879905784	0.987326859936354	-0.209271776373383	-6.19617014567841	0.837313156687026	10.8029935428961
VMH	KRT18	-0.0577198980452121	0.987326859936354	-0.370483765315797	-6.19933571668384	0.716682272310476	11.589383947555
VMH	MGST1	-0.0870842950499871	0.987326859936354	-0.48282374597714	-6.1994421457185	0.636838166147499	12.2900330899535
VMH	EFHD1	0.104939372577276	0.987326859936354	0.499577042758601	-6.20285088908658	0.625292987009437	12.3841625946217
VMH	SOX4	0.0295590572176163	0.987326859936354	0.178655250792418	-6.21203722743853	0.860821086184542	11.115340861077
VMH	OPALIN	0.0686214017039415	0.987326859936354	0.233089476174359	-6.21706207797348	0.819135366495695	11.4848895043637
VMH	RRAGB	-0.0100942210741994	0.987326859936354	-0.0792406156515876	-6.21741359245059	0.937986029670211	11.1090305345592
VMH	BTBD11	-0.044601210860808	0.987326859936354	-0.322397488804988	-6.2178615308059	0.752014491382533	11.4914731183672
VMH	CNDP1	-0.00146607113812181	0.996498290587175	-0.00500375411127533	-6.21865471951097	0.996079666033402	11.1999364952039
VMH	RAB3B	0.0526705979594642	0.987326859936354	0.474555031437935	-6.21966033678039	0.642572997687574	12.4285360494548
VMH	NECAB2	0.0504545705220778	0.987326859936354	0.3619815773746	-6.2212102551235	0.722883265232853	11.8659266272691
VMH	GAD1	-0.0739868537575141	0.987326859936354	-0.235118609683898	-6.22596750363472	0.817591547176117	11.7279512180182
VMH	DOC2A	-0.0431826886330367	0.987326859936354	-0.304847902180454	-6.23626754308245	0.765059863378362	11.6704873353303
VMH	GABRQ	-0.0773117870498759	0.987326859936354	-0.19811645489066	-6.24198562705335	0.845861002391344	11.8450368336028
VMH	NR2F2	-0.0533922891477232	0.987326859936354	-0.288030120213239	-6.25061617617441	0.777631289957133	11.7130166989485
VMH	HS3ST4	-0.0805431905544349	0.987326859936354	-0.455299301243912	-6.25260540319401	0.656019693943263	12.6580173680355
VMH	SNCG	0.0305961704732827	0.987326859936354	0.162088834970845	-6.26644028792341	0.873600087298564	11.5943092940926
VMH	SEMA5A	0.030116961471526	0.987326859936354	0.229552558563439	-6.27058735435297	0.821828210736015	11.784792010413
VMH	FOS	-0.0579167321615675	0.987326859936354	-0.079597296101731	-6.28702800330335	0.937707520704845	11.9952633367672
VMH	STAT3	0.0188410656569982	0.987326859936354	0.117369780651812	-6.30496706663827	0.908268840110068	12.0949725501915
VMH	GABRA5	0.0357407211846272	0.987326859936354	0.330498252291159	-6.30525350318378	0.746019048356261	12.7323151819805
VMH	RBFOX1	-0.0263478022227819	0.987326859936354	-0.189001111907428	-6.31925341011896	0.852860771501602	12.4451776850966
VMH	FEZF1	-0.0708213840723122	0.987326859936354	-0.4362903541342	-6.34339559577901	0.669416852788782	13.7419069669967
VMH	PEG10	0.0878943790647409	0.987326859936354	0.51569493301174	-6.36189504332927	0.614281333061832	15.1847851425525
VMH	SHANK3	0.00676766816424923	0.987326859936354	0.0644267213840416	-6.36311131324031	0.949560258736603	12.8942342252598
VMH	DNER	0.0406043334031345	0.987326859936354	0.307239439076257	-6.37652579835462	0.763277655396646	13.8183597048966
VMH	VSNL1	0.0648424852306686	0.987326859936354	0.371805332585131	-6.41059925861433	0.715720249464439	14.6590970931331
VMH	SNCA	-0.00638497410858996	0.992447480800842	-0.0402258248682344	-6.4140003302618	0.968492904983131	13.4396608062915
VMH	PTPRN	0.00787664236327501	0.987326859936354	0.0649606425301789	-6.41883239146939	0.949142879138506	13.6619542837597
VMH	DLG4	-0.0394880014902306	0.987326859936354	-0.330668287398855	-6.42732854816644	0.745893385496878	14.7394173924387
VMH	CHGB	0.0040747345255614	0.992447480800842	0.027217597285387	-6.45480240433131	0.97867832561759	14.2090592872589
VMH	ZCCHC12	0.0208086706031452	0.987326859936354	0.0987651825623895	-6.48469743348676	0.922753989154989	14.9271961485816
VMH	PTGDS	-0.0046883481531772	0.992447480800842	-0.0305890541307293	-6.50414319696956	0.97603803455418	15.3058655163147
